vector,row,col
v,28301,1
I,V
1.0,0.7884767432605027
168.0,0.7912308262428693
208.0,0.5407244658393069
210.0,-0.718800551777025
212.0,-0.8337810116261306
235.0,2.418477106352078e-15
246.0,2.4736004997591138e-14
269.0,1.4735369573990621e-16
276.0,7.893321588738567e-15
294.0,-0.9041225399310633
311.0,7.319430756497706e-15
315.0,0.9083461494870356
346.0,3.82589282506133e-16
347.0,-1.126985759654681e-14
354.0,7.893321588738567e-15
406.0,-2.3265511268971196e-14
413.0,2.5637779913099157e-15
461.0,-1.8818268154133385e-15
477.0,-0.11270321050056337
489.0,-0.5471629963004679
544.0,4.634699865528991e-14
547.0,7.450220565204837e-15
559.0,-2.4369291468749008e-15
571.0,2.4080927772371056e-17
601.0,8.123529380902924e-15
618.0,-6.60985384463141e-17
625.0,-1.5118424403224273e-14
653.0,-0.8880746164892165
668.0,4.167081771615454e-16
698.0,0.9564628129220581
700.0,-0.9564628129220425
701.0,0.7544855941705547
713.0,0.8189710671903276
748.0,-0.9235441828571955
752.0,7.590488530890922e-15
764.0,-0.9564628129220663
825.0,4.634699865528991e-14
833.0,-4.6530035057227496e-14
883.0,0.9771552107398569
885.0,0.9771552107398569
915.0,1.746265397387752e-15
930.0,1.4850130817204548e-15
934.0,0.9595194421957212
935.0,0.8396457480944783
939.0,0.7988263346960769
940.0,0.7988263346960769
986.0,-0.7967782520654388
991.0,-1.1195741254670755
994.0,0.2851924034569985
999.0,6.278990032375806e-15
1003.0,-0.0003051873626266216
1023.0,-1.2429459796680421e-14
1025.0,3.271285142703525e-18
1032.0,4.7441803356533633e-20
1057.0,-3.802704807308012e-15
1066.0,4.6530097422776945e-14
1086.0,-0.9564628129220701
1097.0,6.631497385201063e-15
1128.0,4.49907050066206e-15
1131.0,0.8427211119455194
1143.0,0.6391418800375552
1153.0,-2.942091015256665e-14
1160.0,6.631497385201063e-15
1161.0,9.217565443911203e-17
1169.0,-3.136722643018714e-17
1170.0,-3.136722643018714e-17
1171.0,-3.136722643018714e-17
1212.0,8.09442336729464e-16
1245.0,4.167081771615454e-16
1250.0,-3.492530794775504e-15
1251.0,-3.492530794775504e-15
1254.0,2.7188160578414886e-33
1263.0,3.492530794775504e-15
1265.0,3.492530794775504e-15
1268.0,-6.631497385201063e-15
1289.0,0.7130999493891622
1290.0,-1.7832817511553256e-15
1305.0,2.1366115631158526e-15
1320.0,-1.5594879264224352e-14
1377.0,1.7277742908633243e-15
1389.0,0.4696202586286503
1401.0,-6.447555633809349e-15
1408.0,4.0943616896327484e-15
1411.0,-3.3551993341781733e-15
1413.0,0.8189710671903276
1426.0,4.313726452703801e-16
1428.0,4.313726452703801e-16
1431.0,4.313726452703801e-16
1446.0,0.61697759604732
1454.0,2.018199622188142e-15
1478.0,6.447555633809349e-15
1487.0,0.5475320004631958
1494.0,-9.776018489113824e-19
1500.0,0.2486306615238263
1511.0,9.776018489113824e-19
1566.0,0.08018346947416291
1598.0,3.4513386039802986e-14
1604.0,-4.551215741512481e-15
1615.0,0.7544855941705575
1618.0,1.2392392089400628e-14
1619.0,1.2392392089400628e-14
1625.0,4.49907050066206e-15
1640.0,6.631497385201063e-15
1654.0,1.844063753181899e-15
1686.0,-0.8880746164892165
1694.0,-1.7164459773643225e-15
1701.0,-8.470318185592674e-15
1704.0,3.792679784593735e-15
1717.0,7.590488530890922e-15
1720.0,7.557857933269559e-15
1722.0,-6.447555633809349e-15
1724.0,1.5783645227094412e-15
1727.0,-4.93278893524934e-15
1732.0,9.136222455979e-15
1733.0,7.557857933269559e-15
1743.0,-0.4806350876503914
1748.0,0.9041225399310401
1763.0,0.8817115212416928
1767.0,-8.470318185592674e-15
1777.0,9.136222455979e-15
1795.0,-4.49907050066206e-15
1797.0,-1.2427340650883604e-14
1802.0,6.447555633809349e-15
1813.0,7.893321588738567e-15
1822.0,-6.016742140625804e-16
1825.0,0.6203849392340451
1841.0,-2.2699784060512127e-14
1854.0,-6.310887241768095e-30
1873.0,1.3836279027533764e-14
1902.0,1.9704312541417877e-15
1903.0,0.6633366316750839
1905.0,9.577668431227102e-17
1937.0,0.23430233769996062
1942.0,-0.9389642585276502
1956.0,-8.074589208274741e-18
1959.0,3.04628046752578e-15
1974.0,6.549130557193765e-15
1977.0,-0.9127853374104705
1980.0,-5.551115123125783e-16
1982.0,-6.805551056662053e-15
1988.0,-4.0091805592282945e-15
2054.0,-0.8838261924484567
2060.0,-3.986197323445118e-16
2071.0,4.551215741512481e-15
2072.0,4.551215741512481e-15
2082.0,9.136222455979e-15
2085.0,-0.527705190080803
2102.0,0.7758834715898297
2110.0,0.12165562001826334
2121.0,-1.8452040522822852e-17
2128.0,-0.45648899688480316
2138.0,-1.3470167443171892e-15
2143.0,8.547307075356649e-15
2168.0,-4.407527766934569e-16
2192.0,-1.266661424820953e-14
2242.0,7.893321588738567e-15
2272.0,-8.347271421813635e-19
2276.0,-1.669454284362727e-18
2286.0,1.0683057815579263e-15
2297.0,1.0683057815579263e-15
2301.0,4.6467494645461495e-15
2305.0,-6.631497385201063e-15
2331.0,0.9041225399310353
2338.0,9.409543174181583e-15
2339.0,9.409543174181583e-15
2360.0,9.409543174181583e-15
2367.0,-3.492530794775504e-15
2370.0,2.71425595982387e-16
2372.0,-2.4369291468749008e-15
2373.0,-2.4369291468749008e-15
2374.0,-2.4369291468749008e-15
2385.0,2.71425595982387e-16
2387.0,4.6467494645461495e-15
2391.0,4.6467494645461495e-15
2408.0,-2.4369291468749008e-15
2442.0,4.6467494645461495e-15
2445.0,4.6467494645461495e-15
2450.0,-2.4369291468749008e-15
2472.0,0.9695200865427248
2485.0,-0.8735303564933738
2505.0,1.1381877487440295
2507.0,-0.5349778477726312
2509.0,-4.167081771615454e-16
2517.0,-3.588740424114239e-16
2520.0,0.46361152195682404
2537.0,1.406678884148748e-16
2559.0,0.6136787540521591
2615.0,3.118277472275451e-20
2616.0,1.1860450839133408e-20
2628.0,-0.19008798426548834
2636.0,9.01394263774139e-19
2637.0,9.01394263774139e-19
2638.0,7.224278331711317e-17
2673.0,-1.1083242847659077e-15
2677.0,-8.547307075356649e-15
2678.0,-8.547307075356649e-15
2691.0,-6.631497385201063e-15
2702.0,-6.631497385201063e-15
2706.0,1.7832817511553256e-15
2708.0,1.7832817511553256e-15
2711.0,-8.547307075356649e-15
2746.0,-8.547307075356649e-15
2818.0,1.8818268154133385e-15
2835.0,-7.74610309771516e-15
2872.0,-3.7862781178469544e-16
2898.0,0.2823246730794542
2908.0,2.710048595254836e-18
2937.0,-2.018199622188142e-15
2951.0,-3.836269088866119e-15
2964.0,1.5404284233178134e-16
2989.0,-0.7697521361811361
3006.0,-2.2699784060512127e-14
3024.0,-0.5932516189326735
3026.0,-0.2767209741350364
3038.0,0.4649700688201399
3040.0,0.6076455412397205
3043.0,0.8209924249273832
3049.0,-1.197284614803759
3052.0,-0.6076455412397205
3057.0,0.2781974448940977
3059.0,-0.6757817688962314
3080.0,2.1074385440367074e-15
3083.0,-0.9345184214235059
3092.0,2.710048595254836e-18
3093.0,-1.1074533738372944e-14
3094.0,1.1074533738372944e-14
3096.0,2.0251841284510907e-16
3098.0,2.0251841284510907e-16
3099.0,-2.0251841284510907e-16
3106.0,-7.238264649506826e-15
3107.0,0.9345184214234681
3114.0,1.5783645227094412e-15
3116.0,5.62363422155715e-15
3121.0,-2.1712447362319174e-16
3122.0,-2.1712447362319174e-16
3123.0,-2.1712447362319174e-16
3124.0,-2.1712447362319174e-16
3128.0,-7.497096923847937e-16
3129.0,-7.497096923847937e-16
3130.0,-7.497096923847937e-16
3140.0,1.5835090772768048e-16
3156.0,-1.2049647224066285e-15
3163.0,-0.9345184214235059
3168.0,-4.1820745180915346e-15
3178.0,0.38718168383977947
3193.0,-1.1724775140523098e-15
3213.0,6.948054920844953e-15
3220.0,9.05549346488166e-15
3223.0,-2.018199622188142e-15
3281.0,3.082682561162881e-15
3285.0,0.9878813217332207
3301.0,0.0069639972506912295
3315.0,1.5404284233178134e-16
3325.0,1.5404284233178134e-16
3328.0,-2.2747731436140593e-15
3332.0,-8.188723379265497e-15
3336.0,0.43422223587285025
3347.0,1.4032915202996818e-14
3354.0,-1.4032915202996818e-14
3364.0,-8.431307191377378e-15
3381.0,6.528045561624515e-16
3382.0,-2.018199622188142e-15
3383.0,-3.9968028886505635e-15
3389.0,9.08049536362724e-15
3391.0,-4.5495462872281185e-15
3396.0,7.5535116586985e-15
3397.0,7.5535116586985e-15
3399.0,-1.5176900671957626e-15
3403.0,7.893321588738567e-15
3404.0,-7.893321588738567e-15
3410.0,-2.3989409280829167e-18
3417.0,-1.2101430968414206e-14
3432.0,9.465881698315217e-15
3434.0,-1.1487429697141191e-16
3442.0,6.761968871001329e-15
3479.0,9.08049536362724e-15
3487.0,-1.5835090772768048e-16
3547.0,0.601747215843893
3554.0,-0.0003051873626010343
3561.0,0.8257294453572996
3564.0,-1.5176900671957626e-15
3573.0,6.945344872249699e-15
3575.0,-2.1712447362319174e-16
3579.0,3.836269088866119e-15
3580.0,-3.836269088866119e-15
3585.0,1.1074533738372944e-14
3589.0,-3.836269088866119e-15
3595.0,-7.497096923847937e-16
3596.0,-7.497096923847937e-16
3597.0,-2.1712447362319174e-16
3598.0,-2.1712447362319174e-16
3599.0,-2.1712447362319174e-16
3600.0,-2.1712447362319174e-16
3608.0,-7.497096923847937e-16
3609.0,-7.497096923847937e-16
3617.0,-8.604014946486982e-16
3619.0,2.0251841284510907e-16
3627.0,-2.1712447362319174e-16
3628.0,-1.491741554057538e-16
3629.0,-1.491741554057538e-16
3630.0,-1.491741554057538e-16
3634.0,5.106040975086718e-16
3649.0,-3.152430433823226e-18
3650.0,-8.627452905407602e-16
3659.0,-4.932788935249344e-15
3675.0,1.5404284233178134e-16
3676.0,-1.5404284233178134e-16
3677.0,-4.7494430631792565e-15
3695.0,-2.892050089571421e-15
3699.0,-2.892050089571421e-15
3712.0,5.082973625041498e-15
3734.0,-2.5256543035421485e-14
3738.0,9.887844020415303e-15
3739.0,9.887844020415303e-15
3740.0,9.887844020415303e-15
3742.0,-9.887844020415303e-15
3744.0,9.887844020415303e-15
3745.0,-0.2845805958040353
3750.0,-1.3475573447183834e-14
3771.0,6.016742140625804e-16
3773.0,-1.2049647224066285e-15
3775.0,3.381171042759546e-15
3778.0,-0.3049340011710111
3793.0,0.6962304776581354
3794.0,-4.49907050066206e-15
3797.0,-4.49907050066206e-15
3801.0,-0.7476857243593196
3809.0,-2.1712447362319174e-16
3844.0,-6.016742140625804e-16
3845.0,-4.779708949184326e-15
3850.0,4.221618478344522e-15
3853.0,9.08049536362724e-15
3858.0,3.9466607943692836e-15
3861.0,-2.1233845791475543e-16
3864.0,9.887844020415303e-15
3884.0,2.943689679982479e-15
3918.0,-2.1233845791475543e-16
3919.0,5.590796680219995e-16
3928.0,4.0503682569021814e-16
3929.0,4.0503682569021814e-16
3930.0,-1.5404284233178134e-16
3937.0,-1.491741554057538e-16
3938.0,-1.491741554057538e-16
3939.0,-1.491741554057538e-16
3948.0,1.5404284233178134e-16
3949.0,1.5404284233178134e-16
3950.0,-2.1712447362319174e-16
3955.0,2.7601301318348854e-16
3958.0,9.344179577184978e-17
3961.0,-2.0251841284510907e-16
3963.0,4.0503682569021814e-16
3966.0,-0.9332891477380789
3970.0,1.2392392089400628e-14
3974.0,-2.0476278274118947e-14
3979.0,3.4513386039802986e-14
3985.0,0.23430233769996062
3989.0,-6.447555633809349e-15
4003.0,1.2392392089400628e-14
4005.0,1.2392392089400628e-14
4011.0,1.7277742908633243e-15
4052.0,4.1365418916614085e-15
4053.0,-3.380007395290732e-14
4074.0,-6.631497385201063e-15
4129.0,3.07411679930204e-14
4136.0,3.492530794775504e-15
4149.0,2.647300766421384e-15
4169.0,-1.1724775140523098e-15
4170.0,-1.1724775140523098e-15
4174.0,1.5117286915838217e-16
4175.0,5.590796680219995e-16
4176.0,2.3708361777157714e-16
4180.0,-4.7494430631792565e-15
4193.0,-2.1712447362319174e-16
4203.0,-7.497096923847937e-16
4215.0,1.5423101083580793e-15
4219.0,-1.2049647224066285e-15
4220.0,7.893321588738567e-15
4231.0,8.604014946486982e-16
4238.0,-2.966118826535385e-14
4242.0,0.5697330099063359
4248.0,2.3437958920506777e-18
4256.0,3.2482472883640823e-16
4264.0,-7.238264649506826e-15
4287.0,-5.590796680219995e-16
4297.0,-6.528045561624515e-16
4356.0,-2.0476278274118947e-14
4360.0,8.963381879023288e-15
4373.0,-1.2049647224066285e-15
4378.0,-1.0873783979074899e-16
4382.0,-5.580904708398034e-16
4395.0,-0.8350189906323432
4408.0,-0.9349124882519007
4423.0,-6.805551056662053e-15
4491.0,-8.082100465903135e-15
4493.0,2.2699784060512127e-14
4494.0,1.551217893083861e-16
4631.0,9.092370636074973e-15
4633.0,9.615561376604785e-15
4644.0,6.631497385201063e-15
4649.0,-2.0808386886031292e-15
4650.0,-8.09442336729464e-16
4654.0,-1.2224833358071431e-16
4656.0,-2.4553410290830967e-15
4665.0,-3.3881610138177097e-15
4681.0,-0.989200112457381
4740.0,8.192748174340901e-15
4748.0,1.0914605559105848e-14
4769.0,-8.09442336729464e-16
4781.0,-1.5717081953530075e-16
4783.0,-1.5717081953530075e-16
4790.0,-1.5717081953530075e-16
4795.0,0.9195767337851268
4800.0,-4.291114943410806e-16
4806.0,0.2845805958040353
4815.0,3.795922112238785e-15
4817.0,8.582229886821612e-16
4822.0,5.486328974512109e-16
4831.0,-0.9380746608757942
4839.0,-0.8740746407490255
4841.0,0.8740746407491018
4845.0,-2.0808386886031292e-15
4862.0,-2.0808386886031292e-15
4866.0,0.09019822618783724
4887.0,-9.216744036962116e-15
4893.0,-0.9494760444746551
4899.0,1.4444174801424877e-17
4914.0,-8.09442336729464e-16
4922.0,-4.7322906631000736e-15
4996.0,7.893321588738567e-15
4999.0,7.893321588738567e-15
5017.0,-4.7802773385270674e-15
5080.0,-0.6824753994345389
5092.0,7.893321588738567e-15
5132.0,-1.662324834978125e-14
5163.0,3.7186115511357755e-15
5166.0,6.141842671475696e-15
5167.0,6.141842671475696e-15
5168.0,6.141842671475696e-15
5170.0,-1.2262997970186409e-14
5177.0,-0.46244028280490845
5182.0,-5.486328974512109e-16
5187.0,3.492530794775504e-15
5188.0,3.492530794775504e-15
5189.0,-3.4800258134563107e-15
5190.0,3.492530794775504e-15
5191.0,8.508643341440348e-15
5192.0,3.492530794775504e-15
5193.0,3.492530794775504e-15
5195.0,1.2504981319193328e-17
5196.0,1.2504981319193328e-17
5204.0,-2.4553410290830967e-15
5212.0,1.8157105044972044e-17
5221.0,8.09442336729464e-16
5225.0,-1.7164459773643225e-15
5226.0,-1.5423101083580793e-15
5237.0,2.044009000883636e-15
5274.0,-2.4038903441511964e-15
5282.0,-2.4858919593360843e-15
5299.0,1.0240235418403088e-14
5307.0,-0.8257294453573156
5310.0,-4.49907050066206e-15
5319.0,-4.49907050066206e-15
5322.0,-8.09442336729464e-16
5327.0,-8.09442336729464e-16
5332.0,-1.7277742908633243e-15
5338.0,0.9595194421957212
5358.0,5.486328974512109e-16
5378.0,2.018199622188142e-15
5407.0,-0.8369271540343206
5411.0,1.077906635211836
5448.0,0.8622921843104814
5503.0,7.893321588738567e-15
5505.0,-6.330107720083018e-16
5553.0,-3.0974481106147536e-17
5554.0,-4.2242654242872004e-17
5555.0,-2.729506663162036e-17
5559.0,-0.46361152195682404
5562.0,-0.8097691070416023
5569.0,2.454090434968562e-14
5570.0,-1.6404158749582622
5591.0,-3.8718981826088495e-19
5592.0,-8.072942324346989e-22
5599.0,6.945344872249699e-15
5600.0,2.710048595254836e-18
5601.0,1.1074533738372944e-14
5603.0,-0.7336560179480418
5611.0,6.945344872249699e-15
5626.0,-6.016742140625804e-16
5632.0,-2.77850207429735e-15
5678.0,0.9438338682280715
5679.0,0.9438338682280715
5696.0,0.9111844423234142
5763.0,-2.8920500895714207e-15
5864.0,-2.96589121142081e-14
5886.0,-1.5117286915838217e-16
5887.0,1.5117286915838217e-16
5894.0,-0.09070024235545124
5900.0,-0.38718168383978846
5916.0,0.6052860574413684
5919.0,-2.96589121142081e-14
5945.0,7.557857933269559e-15
5946.0,7.557857933269559e-15
5954.0,2.809206080472712e-14
5955.0,-2.809206080472712e-14
5975.0,-1.541905821489527e-17
5979.0,1.4032915202996818e-14
5984.0,-3.8762552232051695e-16
5989.0,-2.96589121142081e-14
5993.0,5.590796680219995e-16
5996.0,-4.6467494645461495e-15
6004.0,8.508643341440348e-15
6009.0,-0.18087965300687947
6013.0,-0.2869695657540917
6074.0,2.96589121142081e-14
6113.0,-1.2049647224066285e-15
6128.0,-9.216744036962116e-15
6131.0,-0.09019822618783724
6134.0,7.557857933269559e-15
6137.0,-9.216744036962116e-15
6138.0,7.557857933269559e-15
6140.0,3.718755887359618e-15
6145.0,-9.216744036962116e-15
6157.0,-9.216744036962116e-15
6159.0,7.557857933269559e-15
6166.0,1.2692721761177435e-15
6167.0,1.2692721761177435e-15
6174.0,-1.6578743463002655e-15
6209.0,6.465756360674425e-17
6211.0,-2.0604881164950794e-16
6213.0,1.8818621625620503e-16
6214.0,3.320933228050677e-17
6215.0,-7.085496172676811e-16
6216.0,8.302333070126693e-18
6217.0,6.700569821243664e-17
6218.0,1.1824534978665288e-17
6222.0,2.96589121142081e-14
6253.0,-8.508643341440348e-15
6260.0,-8.508643341440348e-15
6262.0,-8.508643341440348e-15
6263.0,-9.887844020415303e-15
6265.0,-8.508643341440348e-15
6291.0,2.647300766421384e-15
6294.0,0.14624326715816832
6296.0,8.050747219516792e-18
6298.0,-7.085496172676811e-16
6299.0,3.320933228050677e-17
6300.0,-2.0604881164950794e-16
6303.0,-9.979572074192691e-17
6308.0,8.508643341440348e-15
6310.0,0.47744515893988093
6314.0,-8.470318185592674e-15
6316.0,2.6548758492156137e-15
6342.0,-1.404603040236356e-14
6346.0,-3.792679784593735e-15
6352.0,-2.7019077750228875e-14
6361.0,3.792679784593735e-15
6365.0,-3.792679784593735e-15
6372.0,-0.7697521361811361
6378.0,-8.192748174340901e-15
6384.0,1.7899237701867413e-15
6385.0,-1.7899237701867413e-15
6430.0,1.009099811094071e-15
6434.0,-1.6442629784164466e-15
6435.0,2.9496117902302857e-15
6458.0,-1.2049647224066285e-15
6595.0,2.96589121142081e-14
6625.0,2.9496117902302857e-15
6626.0,-1.6442629784164466e-15
6636.0,-3.630619275889903e-15
6637.0,3.630619275889903e-15
6683.0,-3.718755887359618e-15
6685.0,-3.718755887359618e-15
6686.0,-3.718755887359618e-15
6687.0,-3.718755887359618e-15
6688.0,-3.718755887359618e-15
6690.0,-3.718755887359618e-15
6691.0,-3.718755887359618e-15
6695.0,-3.718755887359618e-15
6696.0,-3.718755887359618e-15
6698.0,-3.718755887359618e-15
6703.0,-3.718755887359618e-15
6705.0,-1.2049647224066285e-15
6707.0,-1.2049647224066285e-15
6711.0,1.6442629784164466e-15
6835.0,-3.630619275889903e-15
6836.0,3.630619275889903e-15
6853.0,-1.5117286915838217e-16
6854.0,6.465756360674425e-17
6855.0,8.050747219516792e-18
6856.0,4.562090091059516e-17
6857.0,8.050747219516792e-18
6858.0,1.8818621625620503e-16
6859.0,3.320933228050677e-17
6860.0,4.704655406405126e-17
6861.0,3.522201908538597e-18
6862.0,1.6353080289643486e-17
6863.0,4.9897860370963453e-17
6864.0,4.533577027990394e-16
6880.0,2.966637851665026e-14
6883.0,2.966637851665026e-14
6886.0,2.966637851665026e-14
6917.0,5.590796680219995e-16
6918.0,5.590796680219995e-16
6919.0,2.5631303730660913e-16
6920.0,-4.623966329398365e-16
6921.0,-4.905125707947948e-15
6934.0,8.192748174340901e-15
6947.0,-4.689394197060713e-15
6957.0,-8.650878345330757e-15
6958.0,3.718755887359618e-15
6972.0,0.4169245555548478
6976.0,-1.2049647224066285e-15
6983.0,-6.761968871001329e-15
6985.0,3.901355730451085e-15
7048.0,-8.650878345330757e-15
7050.0,-6.761968871001329e-15
7051.0,-6.761968871001329e-15
7058.0,-4.779708949184326e-15
7060.0,1.7164459773643225e-15
7065.0,-8.627452905407602e-16
7077.0,-8.650878345330757e-15
7091.0,9.08049536362724e-15
7122.0,-0.7948690390267036
7127.0,0.19915361104137852
7136.0,0.8592649070007656
7143.0,0.7002021777945886
7196.0,-1.0277208630601165
7199.0,-0.4286089035023878
7201.0,0.9581459400400877
7232.0,0.8174449031254982
7258.0,0.8592649070007656
7260.0,-0.7742495475217239
7261.0,-0.11009479446029916
7268.0,0.7842223395484587
7269.0,-0.8286363357604609
7271.0,-0.9581459400401363
7291.0,0.3704589058101794
7312.0,-0.8354969581608973
7322.0,-0.7585124391517082
7345.0,-0.8500054695133062
7347.0,0.8657083969335634
7362.0,0.6633366316750839
7376.0,-0.9878813217332207
7388.0,-0.6828276210978134
7406.0,0.9994454057385911
7477.0,-8.712253819637048e-15
7488.0,0.9994454057385911
7495.0,0.23278900096405938
7499.0,-0.23278900096405922
7525.0,5.189879082608348e-15
7532.0,-1.1599988397926323e-16
7541.0,1.2217220723903562e-14
7549.0,-0.7328139668856715
7557.0,1.0899725970057374e-14
7575.0,-0.6997589372947536
7593.0,-0.5133717937145115
7596.0,-0.889294185501021
7605.0,7.893321588738567e-15
7621.0,0.9494760444746551
7626.0,1.0094179174762292e-16
7627.0,-5.778953346930422e-16
7641.0,4.166718489210858e-16
7690.0,7.48291537104994e-17
7691.0,4.166718489210858e-16
7692.0,4.166718489210858e-16
7714.0,-7.224278331711317e-17
7738.0,-6.451846522762242e-16
7762.0,6.631497385201063e-15
7818.0,-1.2504981319193156e-17
7819.0,-1.7164459773643225e-15
7825.0,-2.4858919593360843e-15
7840.0,1.58733041790276e-16
7928.0,0.8269010855530727
7931.0,0.12633800796741743
7966.0,-0.4624402828049206
8043.0,0.0001924327804144757
8081.0,-0.00019243278044003733
8117.0,3.6276554791783136e-14
8126.0,-0.6873056038548124
8161.0,0.8261172003705387
8174.0,-0.7508586014054086
8198.0,3.6276554791783136e-14
8210.0,3.6276554791783136e-14
8244.0,8.470318185592674e-15
8277.0,3.6276554791783136e-14
8294.0,-0.46531772385925324
8325.0,0.12052732410274321
8327.0,-0.8757179545539999
8330.0,0.7063737614503295
8362.0,-1.8259984309146668e-16
8382.0,-0.8496219666447038
8390.0,-0.7810971999263814
8395.0,0.07570128560527076
8443.0,-0.8589517412284954
8471.0,0.4624402828049206
8513.0,0.6067741138292682
8520.0,-0.6824753994345389
8563.0,0.3186569171214607
8564.0,-0.3186569171214607
8632.0,-0.776899108122105
8679.0,0.9008108978528847
8685.0,0.01774647960876452
8701.0,-0.0900102455266362
8753.0,0.4624402828049206
8756.0,-0.4624402828049206
8778.0,0.8083707207617742
8782.0,0.9692653356071773
8821.0,-0.07525859896512378
8822.0,0.4624402828049206
8902.0,0.5738705745255177
8904.0,-0.5738705745255177
8954.0,0.8269010855530727
8982.0,0.023965969338107906
8989.0,-0.46244028280490695
9000.0,0.013363911579025443
9001.0,-0.013363911579025443
9047.0,-2.0808386886031292e-15
9070.0,2.0808386886031292e-15
9124.0,-2.3901386692635337e-15
9174.0,-0.8776358952347321
9176.0,0.8776358952347321
9207.0,0.4333079060914977
9257.0,0.6597017553225117
9264.0,7.5535116586985e-15
9265.0,0.6126379314157022
9286.0,-0.9532506278870246
9316.0,-0.6531905550634092
9331.0,-5.507944755303014e-15
9339.0,-1.7164459773643225e-15
9348.0,8.582229886821612e-16
9353.0,-8.508643341440348e-15
9354.0,-8.508643341440348e-15
9355.0,3.4800258134563107e-15
9356.0,3.4800258134563107e-15
9357.0,3.4800258134563107e-15
9358.0,-1.2504981319193156e-17
9362.0,-1.5717081953530075e-16
9368.0,6.050726667970435e-15
9382.0,-3.7186115511357755e-15
9384.0,4.2496250150541085e-15
9387.0,-4.522957998016768e-15
9396.0,6.141842671475696e-15
9398.0,5.082973625041498e-15
9402.0,5.693883168358177e-15
9403.0,5.693883168358177e-15
9406.0,5.693883168358177e-15
9431.0,6.860169004699899e-15
9448.0,1.7164459773643225e-15
9476.0,5.507944755303014e-15
9501.0,-0.9692653356071773
9546.0,2.541486812520749e-15
9572.0,-2.8831423174116316e-16
9592.0,-7.557857933269559e-15
9598.0,9.08049536362724e-15
9599.0,8.864408474581579e-15
9612.0,5.189879082608348e-15
9621.0,5.189879082608348e-15
9628.0,5.189879082608348e-15
9631.0,5.189879082608348e-15
9632.0,5.189879082608348e-15
9635.0,1.2049647224066285e-15
9640.0,3.632824045956145e-20
9649.0,-8.192748174340901e-15
9650.0,-8.604014946486982e-16
9694.0,2.9496117902302857e-15
9771.0,1.0827717285765117
9774.0,0.9796880424226785
9792.0,0.4744053719784119
9831.0,9.887844020415303e-15
9833.0,2.647300766421384e-15
9837.0,9.08049536362724e-15
9838.0,2.5513091477586827e-15
9851.0,-0.34191453724224197
9890.0,0.7743124869284739
9990.0,0.48182634458368223
10012.0,1.2049647224066285e-15
10073.0,-3.630619275889903e-15
10116.0,3.9466607943692836e-15
10126.0,-1.3611102113324105e-14
10127.0,1.3611102113324105e-14
10136.0,-3.630619275889903e-15
10142.0,-6.137547430629095e-17
10147.0,3.9466607943692836e-15
10278.0,-2.764049373412802e-15
10389.0,-4.8476252587658716e-15
10405.0,2.764049373412802e-15
10507.0,-7.857153896876708e-16
10567.0,-2.809206080472712e-14
10594.0,-0.7010193798622477
10618.0,-0.07506616618469211
10667.0,-0.06787340803394937
10682.0,-0.5718627056815262
10692.0,-1.9721522630525295e-31
10693.0,-1.9721522630525295e-31
10694.0,-1.9721522630525295e-31
10722.0,-0.9932766921816997
10725.0,8.580576987566475e-16
10756.0,-0.9932766921816997
10773.0,-3.056346313923138e-15
10789.0,0.7991276455169579
10816.0,-3.056346313923138e-15
10837.0,3.2482472883640823e-16
10838.0,3.2482472883640823e-16
10843.0,-8.604014946486982e-16
10858.0,0.8340192027945912
10901.0,8.627452905407602e-16
10902.0,8.627452905407602e-16
10904.0,8.627452905407602e-16
10905.0,-8.627452905407602e-16
10907.0,-3.080856846635627e-16
10911.0,-3.080856846635627e-16
10921.0,-3.080856846635627e-16
10924.0,4.523915405941766e-16
10925.0,4.523915405941766e-16
10930.0,-2.966353206124591e-14
10935.0,8.627452905407602e-16
10943.0,-2.966353206124591e-14
10945.0,-8.627452905407602e-16
10946.0,-8.627452905407602e-16
10950.0,8.627452905407602e-16
10961.0,-1.7254905810815205e-15
11002.0,0.12235350210838464
11058.0,2.9496117902302857e-15
11062.0,9.887844020415303e-15
11065.0,9.887844020415303e-15
11069.0,-8.627452905407602e-16
11070.0,8.627452905407602e-16
11078.0,-1.3571746217825299e-15
11082.0,-1.8095661623767064e-15
11084.0,1.8095661623767064e-15
11090.0,-1.3571746217825299e-15
11094.0,4.523915405941766e-16
11098.0,2.9291977725712676e-16
11099.0,-6.945344872249699e-15
11100.0,-6.945344872249699e-15
11103.0,7.238264649506826e-15
11105.0,7.238264649506826e-15
11108.0,7.238264649506826e-15
11122.0,3.630619275889903e-15
11123.0,3.630619275889903e-15
11125.0,-8.712253819637048e-15
11147.0,-1.2049647224066285e-15
11161.0,-2.018199622188142e-15
11162.0,-2.018199622188142e-15
11163.0,-2.018199622188142e-15
11166.0,-2.018199622188142e-15
11171.0,-1.2049647224066285e-15
11172.0,-1.2049647224066285e-15
11174.0,-1.2049647224066285e-15
11178.0,-1.0962268826158796e-15
11192.0,9.264989428989886e-16
11212.0,9.729342241004466e-16
11240.0,1.8259984309146668e-16
11258.0,4.1820745180915346e-15
11279.0,-4.646749464546149e-16
11280.0,4.646749464546149e-16
11284.0,-7.5535116586985e-15
11313.0,-4.6467494645461495e-15
11314.0,-4.6467494645461495e-15
11325.0,4.1820745180915346e-15
11326.0,4.1820745180915346e-15
11327.0,4.1820745180915346e-15
11328.0,4.1820745180915346e-15
11389.0,7.5535116586985e-15
11404.0,1.3597768597440294e-14
11429.0,1.3597768597440294e-14
11454.0,8.627452905407602e-16
11491.0,-1.5404284233178134e-16
11500.0,-6.016742140625804e-16
11502.0,-3.2482472883640823e-16
11505.0,0.7865867105119435
11516.0,2.090112417683877e-15
11553.0,1.2049647224066285e-15
11562.0,-7.588450335978813e-16
11577.0,-0.6514432601349955
11579.0,1.2049647224066285e-15
11595.0,0.9902622949721179
11647.0,1.2049647224066285e-15
11661.0,0.7719536889293488
11665.0,0.9666433662935349
11682.0,0.628741758625178
11687.0,-0.9666433662935349
11697.0,-0.5811591081408368
11704.0,0.8182395495801584
11720.0,-0.9750375326233932
11721.0,0.7905315571563251
11772.0,1.61430784219776e-14
11779.0,-0.4235468403952579
11784.0,-0.717186509895577
11833.0,6.596865232620362e-15
11889.0,2.7361814070837366e-15
11901.0,1.61430784219776e-14
11933.0,0.916745669983401
11978.0,1.61430784219776e-14
12069.0,-4.5495462872281185e-15
12075.0,-0.8600951402870278
12091.0,-3.381171042759546e-15
12092.0,-3.381171042759546e-15
12100.0,-3.381171042759546e-15
12101.0,-3.381171042759546e-15
12113.0,-0.8346092946459003
12121.0,1.16044245089281e-16
12122.0,1.16044245089281e-16
12123.0,3.48132735267843e-16
12151.0,4.1820745180915346e-15
12160.0,9.750227075530548e-16
12168.0,-0.4993586428306541
12176.0,0.9011604322876454
12179.0,0.47520157745906444
12182.0,0.09548519220847806
12209.0,0.8966722244577834
12261.0,-0.9595194421957212
12268.0,0.4163384104675891
12277.0,-3.51929061779453e-15
12279.0,1.5594879264224352e-14
12331.0,-3.492530794775504e-15
12332.0,-3.492530794775504e-15
12354.0,-8.602573188273317e-17
12357.0,-0.839645748094475
12367.0,3.51929061779453e-15
12369.0,-0.6391418800375309
12384.0,-3.2920290473743437e-15
12386.0,-1.9114169882018882e-14
12392.0,-8.602573188273317e-17
12395.0,-8.602573188273317e-17
12397.0,-1.7205146376546635e-16
12401.0,0.6404795796568372
12416.0,2.1712447362319174e-16
12437.0,2.317348373625759e-14
12472.0,6.2505704087364e-16
12480.0,0.6757817688962314
12491.0,0.9187859418230208
12493.0,1.7164459773643225e-15
12511.0,3.492530794775504e-15
12512.0,0.8693067469373946
12514.0,-6.631497385201063e-15
12524.0,-3.221995836811632e-20
12526.0,2.2864100273472385e-18
12527.0,-1.9868974327005065e-18
12529.0,-3.508896337662894e-18
12537.0,3.1882978987018616e-18
12550.0,2.7416524207732024e-16
12551.0,-3.71523154538684e-16
12552.0,-2.6849965306763602e-18
12554.0,4.569420701288671e-17
12677.0,-1.5743177119231383e-15
12696.0,5.510111991730984e-15
12699.0,-7.871588559615691e-16
12707.0,-1.7277742908633243e-15
12709.0,1.8818268154133385e-15
12713.0,-3.492530794775504e-15
12740.0,-3.0253633339852173e-15
12743.0,1.5743177119231383e-15
12746.0,-7.871588559615691e-16
12757.0,-7.871588559615691e-16
12762.0,-7.871588559615691e-16
12763.0,-7.871588559615691e-16
12769.0,3.1486354238462766e-15
12770.0,-2.3614765678847074e-15
12780.0,5.510111991730984e-15
12783.0,5.510111991730984e-15
12793.0,-1.9540404048729352e-16
12800.0,2.3614765678847074e-15
12806.0,2.3614765678847074e-15
12807.0,-2.3614765678847074e-15
12832.0,-7.871588559615691e-16
12835.0,-7.871588559615691e-16
12836.0,1.5743177119231383e-15
12837.0,1.5743177119231383e-15
12838.0,-7.871588559615691e-16
12840.0,-7.871588559615691e-16
12843.0,2.3614765678847074e-15
12844.0,-2.3614765678847074e-15
12846.0,7.871588559615691e-16
12859.0,1.5743177119231383e-15
12862.0,-1.5743177119231383e-15
12864.0,-7.871588559615691e-16
12867.0,2.3614765678847074e-15
12873.0,1.2429459796680421e-14
12878.0,-7.029625678685322e-16
12879.0,4.76116327314992e-15
12880.0,7.558643457919109e-17
12884.0,-7.558643457919109e-17
12895.0,-4.014253699952341e-15
12917.0,0.8057680505545273
12949.0,-4.014253699952341e-15
12952.0,6.447555633809349e-15
12954.0,-2.3955518913065712e-14
12965.0,-3.0116347035624792e-15
12966.0,2.1254759941713172e-16
12974.0,-9.138841402577341e-15
12975.0,-9.138841402577341e-15
12998.0,0.8396457480944756
13006.0,-1.5654144647214707e-14
13060.0,-1.0156357216510788e-15
13061.0,-9.138841402577341e-15
13062.0,5.078178608255394e-16
13063.0,-9.138841402577341e-15
13072.0,-1.2124267017545742e-15
13077.0,-0.7374777751418475
13082.0,-7.445749743692026e-15
13098.0,0.8038808753619966
13103.0,-1.8800922823694967e-18
13104.0,-1.8800922823694967e-18
13105.0,-1.8800922823694967e-18
13107.0,-1.8800922823694967e-18
13109.0,2.67176509298915e-18
13111.0,2.346437118854812e-18
13112.0,2.346437118854812e-18
13113.0,2.502166917634041e-18
13115.0,2.502166917634041e-18
13116.0,-1.8800922823695014e-18
13118.0,-1.8800922823695014e-18
13119.0,-1.8800922823695014e-18
13121.0,-1.8800922823695014e-18
13122.0,-1.8800922823695014e-18
13126.0,-1.0156357216510788e-14
13127.0,-1.0156357216510788e-14
13128.0,-1.0156357216510788e-14
13129.0,-1.0156357216510788e-14
13145.0,-9.400461411847507e-19
13146.0,1.0156357216510788e-15
13150.0,5.078178608255394e-16
13157.0,1.0165757677922635e-15
13159.0,-1.0165757677922635e-15
13161.0,5.078178608255394e-16
13162.0,5.078178608255394e-16
13163.0,5.078178608255394e-16
13164.0,5.078178608255394e-15
13185.0,-5.551115123125783e-16
13222.0,-0.4118385158889902
13301.0,8.547307075356649e-15
13311.0,-0.06828687890258456
13470.0,-0.15958288964303147
13507.0,-9.408456701738005e-16
13512.0,-1.4429588552107665e-16
13524.0,-0.7947597705549233
13582.0,-7.893321588738567e-15
13646.0,-7.893321588738567e-15
13667.0,3.738108689750836e-14
13668.0,-0.9264510528654677
13675.0,0.8160516263788413
13716.0,5.682158185256231e-15
13722.0,-2.8410790926281154e-17
13765.0,-2.8410790926281155e-15
13805.0,6.882058550618654e-15
13821.0,-1.590146795652289e-17
13824.0,7.809280667537481e-15
13835.0,-2.8410790926281155e-15
13839.0,-2.8410790926281155e-15
13882.0,-1.590146795652289e-17
13891.0,-6.68020041186768e-15
13930.0,-8.1427678794716095e-16
13969.0,-2.8410790926281154e-17
14011.0,-8.1427678794716095e-16
14017.0,7.809280667537481e-17
14051.0,-0.8945910491293566
14052.0,-3.492530794775504e-15
14077.0,-6.631497385201063e-15
14078.0,2.5637779913099157e-15
14118.0,-9.921134753696007e-16
14121.0,-2.4500505290112288e-14
14124.0,-1.2392392089400628e-14
14130.0,-4.777265614107718e-16
14136.0,2.1366115631158526e-15
14139.0,-4.8627768478581856e-14
14156.0,-7.590488530890922e-15
14165.0,0.4732983611921261
14196.0,-4.167081771615454e-16
14198.0,4.167081771615454e-16
14207.0,0.9935459589167279
14209.0,0.5657905171034372
14222.0,0.34928299438706134
14252.0,-0.16504078398271982
14269.0,3.492530794775504e-15
14270.0,3.492530794775504e-15
14271.0,-0.7130999493891622
14297.0,-4.167081771615454e-16
14308.0,1.8452040522822852e-17
14343.0,-0.5265906443551022
14360.0,-0.9564628129220538
14370.0,-9.01394263774139e-19
14373.0,-2.090112417683877e-15
14374.0,-2.090112417683877e-15
14376.0,0.9534066170667056
14381.0,0.9345184214235059
14407.0,1.126985759654681e-14
14459.0,-8.302315587393386e-20
14461.0,-1.7790676258700112e-20
14463.0,-0.6155084649471665
14464.0,-0.6155084649471665
14465.0,-6.631497385201063e-15
14466.0,6.631497385201063e-15
14468.0,2.5637779913099157e-15
14475.0,6.631497385201063e-15
14500.0,1.093331233429687
14516.0,0.5265906443551022
14534.0,7.450220565204837e-15
14537.0,3.727161546653521e-15
14618.0,7.74610309771516e-15
14667.0,2.4500505290112288e-14
14708.0,-0.8880746164892238
14730.0,-2.4500505290112288e-14
14736.0,-0.7544855941705559
14744.0,-4.634699865528991e-14
14754.0,-4.167081771615454e-16
14812.0,-3.802704807308012e-15
14818.0,2.1366115631158526e-15
14823.0,-8.31634567634538e-18
14829.0,-1.7832817511553256e-15
14854.0,1.8303640193758888e-16
14859.0,0.6067741138292267
14879.0,-0.9695200865427183
14896.0,0.457052956048855
14932.0,1.3274505045854534e-15
14964.0,-0.6080086864133895
14968.0,0.9380746608757875
14976.0,-1.3558333199214034e-14
14983.0,-2.474884308228061e-15
14987.0,-1.126985759654681e-14
14993.0,-3.51929061779453e-15
15011.0,-1.126985759654681e-14
15031.0,0.9227887287737118
15038.0,-8.547307075356649e-15
15051.0,3.492530794775504e-15
15055.0,2.0260811389513966e-16
15057.0,-1.8259984309146668e-16
15096.0,-4.634699865528991e-14
15097.0,-6.236554944550902e-20
15104.0,-1.8303640193758888e-16
15131.0,-4.3543472968099916e-15
15152.0,-1.8818268154133385e-15
15155.0,-3.492530794775504e-15
15186.0,-4.407527766934569e-16
15212.0,1.126985759654681e-14
15217.0,-1.126985759654681e-14
15232.0,-2.8410790926281155e-15
15245.0,7.74610309771516e-15
15250.0,-7.675957928128475e-15
15277.0,4.167081771615454e-16
15283.0,2.5637779913099157e-15
15285.0,-4.167081771615454e-16
15287.0,-4.167081771615454e-16
15291.0,3.492530794775504e-15
15331.0,-1.1083242847659075e-15
15340.0,-5.680285904607272e-17
15354.0,0.3586422065044681
15357.0,-1.075638684457253
15358.0,-0.926349491236757
15373.0,0.5475320004631958
15381.0,0.053058655555780265
15386.0,1.7277742908633243e-15
15397.0,-1.7164459773643225e-15
15398.0,1.7277742908633243e-15
15406.0,-0.829155551055885
15408.0,-3.935164295165877e-16
15446.0,4.0943616896327484e-15
15451.0,-4.551215741512481e-15
15459.0,4.122704529632321e-15
15470.0,-1.5717081953530075e-16
15476.0,4.313726452703801e-16
15477.0,-4.313726452703801e-16
15481.0,-4.313726452703801e-16
15482.0,4.313726452703801e-16
15483.0,4.313726452703801e-16
15498.0,7.557857933269559e-15
15505.0,-0.6371573728222895
15550.0,-4.634699865528991e-14
15586.0,0.5265906443551022
15599.0,2.878493012072574e-18
15620.0,1.4444174801424877e-17
15622.0,-0.6963710988629342
15626.0,-1.7164459773643225e-15
15627.0,-2.878493012072574e-18
15635.0,1.7904133572783124e-15
15661.0,4.551215741512481e-15
15683.0,-4.551215741512481e-15
15721.0,-8.188723379265497e-15
15731.0,2.018199622188142e-15
15732.0,2.018199622188142e-15
15743.0,3.792679784593735e-15
15744.0,1.3274505045854534e-15
15751.0,-4.313726452703801e-16
15752.0,4.313726452703801e-16
15762.0,1.5423101083580793e-15
15766.0,-0.6203849392340451
15767.0,1.5783645227094412e-15
15769.0,-3.792679784593735e-15
15770.0,0.06140142798543244
15775.0,-0.8974853062611773
15781.0,1.5783645227094412e-15
15791.0,1.7277742908633243e-15
15803.0,3.405828015103123e-15
15808.0,4.728143387065827e-15
15815.0,-0.7435360730004659
15833.0,2.2564380221775152e-15
15837.0,4.313726452703801e-16
15842.0,4.49907050066206e-15
15848.0,2.474884308228061e-15
15863.0,-0.9400644970662413
15872.0,-6.016742140625804e-16
15876.0,8.074589208274741e-18
15884.0,-1.0914605559105848e-14
15905.0,2.0476278274118947e-14
15918.0,-1.7899237701867413e-15
15931.0,0.6963710988629342
15936.0,1.52314023376289e-15
15949.0,-0.013363911579025443
15953.0,0.7295863696580245
15954.0,2.4844641565340896e-14
15957.0,-0.9771552107398569
15959.0,0.8600951402870278
15961.0,0.6783017167890449
15989.0,3.458308413860335e-18
15993.0,8.074589208274741e-18
15995.0,3.04628046752578e-15
15996.0,3.04628046752578e-15
15997.0,2.1095440543681676e-18
16008.0,2.8738494976658305e-16
16014.0,-2.8738494976658305e-16
16015.0,-7.484979962589022e-16
16079.0,-3.1554436208840472e-30
16080.0,-0.9705348482771741
16081.0,-1.9704312541417877e-15
16086.0,-1.9704312541417877e-15
16101.0,-4.551215741512481e-15
16105.0,-4.551215741512481e-15
16108.0,2.2518764009699618e-17
16124.0,4.975202063086724e-15
16135.0,-2.1366115631158526e-15
16141.0,-2.1366115631158526e-15
16145.0,-0.9344643639490647
16156.0,0.05678415487503441
16173.0,1.1015573316646225e-15
16179.0,0.06828687890258456
16183.0,-4.706422576363265e-17
16200.0,-0.6264528114592145
16208.0,2.7571150153624585e-14
16223.0,0.7551497917370735
16248.0,-0.21567020177054708
16249.0,6.4841436894611565e-15
16273.0,0.47062925050271587
16274.0,8.547307075356649e-15
16276.0,-0.0221931940552081
16286.0,-1.669454284362727e-18
16297.0,1.1381877487440295
16299.0,-7.809280667537481e-15
16307.0,1.0683057815579263e-15
16322.0,1.0683057815579263e-15
16345.0,-0.061401427985516135
16380.0,1.16044245089281e-16
16381.0,4.6467494645461495e-15
16388.0,0.8350189906323183
16390.0,-3.7720399379209024e-17
16399.0,-2.4369291468749008e-15
16401.0,-2.4369291468749008e-15
16402.0,-2.4369291468749008e-15
16404.0,-8.192748174340901e-15
16405.0,8.192748174340901e-15
16407.0,-0.3509448590837416
16408.0,-0.2524016924012557
16412.0,4.6467494645461495e-15
16414.0,4.6467494645461495e-15
16415.0,4.6467494645461495e-15
16423.0,4.6467494645461495e-15
16424.0,4.6467494645461495e-15
16426.0,4.6467494645461495e-15
16433.0,-2.4369291468749008e-15
16434.0,1.6417017187373317e-14
16436.0,0.8790006782351363
16456.0,-2.4369291468749008e-15
16464.0,6.631497385201063e-15
16473.0,-2.4369291468749008e-15
16486.0,9.293498929092299e-15
16539.0,0.06963158598731442
16556.0,-0.7071247519292703
16561.0,-7.319430756497706e-15
16575.0,0.9676157478535891
16577.0,-0.9676157478535891
16586.0,-1.0899725970057374e-14
16591.0,-0.9878813217332207
16596.0,6.631497385201063e-15
16607.0,-8.1427678794716095e-16
16627.0,7.223877477220975e-15
16643.0,6.805551056662053e-15
16645.0,0.41313170906021135
16662.0,9.01394263774139e-19
16664.0,9.01394263774139e-19
16704.0,-8.547307075356649e-15
16732.0,-6.631497385201063e-15
16734.0,1.7832817511553256e-15
16740.0,1.7832817511553256e-15
16741.0,1.7832817511553256e-15
16750.0,1.7832817511553256e-15
16753.0,-0.43522020175966475
16770.0,-5.541621423829538e-16
16776.0,1.1083242847659077e-15
16782.0,1.2675682691026706e-15
16788.0,0.7697521361811482
16793.0,-1.6081466491542044e-18
16905.0,0.45705295604886625
16926.0,9.887844020415303e-15
16954.0,0.898306173922045
16958.0,-0.8194890437172881
16962.0,-0.9884459313967877
16965.0,1.1074533738372944e-14
16990.0,-1.5404284233178134e-16
17002.0,6.016742140625804e-16
17010.0,2.0251841284510907e-16
17034.0,-5.398755018707495e-17
17052.0,2.2027690405701497e-16
17093.0,0.9219596323062932
17102.0,0.8771863404477618
17103.0,0.8460662167318612
17122.0,-0.8666747216035873
17126.0,-0.32894136820393693
17139.0,0.17558911640368724
17142.0,1.0060422876109078e-15
17154.0,-2.710048595254836e-18
17173.0,-1.2049647224066285e-15
17183.0,0.829155551055885
17191.0,-7.497096923847937e-16
17192.0,-2.1712447362319174e-16
17196.0,-7.497096923847937e-16
17197.0,-7.497096923847937e-16
17198.0,-7.497096923847937e-16
17205.0,-1.5835090772768048e-16
17211.0,-0.5286516582212513
17215.0,0.02222320366602354
17230.0,3.381171042759546e-15
17238.0,-4.1820745180915346e-15
17239.0,-4.1820745180915346e-15
17247.0,-2.647300766421384e-15
17252.0,-0.3484635154558015
17285.0,2.0251841284510907e-16
17287.0,2.710048595254836e-18
17288.0,1.1074533738372944e-14
17289.0,2.1074385440367074e-15
17290.0,2.1074385440367074e-15
17291.0,2.1074385440367074e-15
17292.0,2.0251841284510907e-16
17293.0,2.0251841284510907e-16
17294.0,-2.0251841284510907e-16
17296.0,6.948054920844953e-15
17323.0,3.718755887359618e-15
17326.0,3.718755887359618e-15
17355.0,-4.1365418916614085e-15
17393.0,-2.0480470836806166e-14
17394.0,-8.582229886821612e-16
17401.0,8.582229886821612e-16
17419.0,0.5286255244631441
17424.0,2.966353206124591e-14
17441.0,-0.982112810447241
17442.0,0.45641635067819275
17450.0,-3.4513386039802986e-14
17453.0,-9.08049536362724e-15
17469.0,1.5423101083580793e-15
17470.0,1.5423101083580793e-15
17485.0,0.7128655751712847
17490.0,-8.963381879023288e-15
17491.0,0.7128655751712727
17497.0,1.7899237701867413e-15
17505.0,-0.7128655751712708
17517.0,2.934416073470063e-16
17528.0,-4.553070201587288e-15
17533.0,-6.447555633809349e-15
17545.0,-2.1712447362319174e-16
17546.0,-3.152430433823226e-18
17554.0,6.490616884369047e-17
17564.0,-1.1599988397926323e-16
17576.0,-9.08049536362724e-15
17578.0,-9.08049536362724e-15
17579.0,-2.7610131682735413e-30
17586.0,-1.1724775140523098e-15
17591.0,0.06066556179471471
17611.0,5.551115123125783e-16
17612.0,-8.547307075356649e-15
17629.0,2.1712447362319174e-16
17641.0,-2.1712447362319174e-16
17642.0,-1.1748214775786779e-14
17645.0,6.945344872249699e-15
17646.0,2.710048595254836e-18
17647.0,7.238264649506826e-15
17651.0,-3.836269088866119e-15
17657.0,-2.1712447362319174e-16
17658.0,-2.1712447362319174e-16
17660.0,-7.497096923847937e-16
17661.0,-7.497096923847937e-16
17668.0,0.8826959155484911
17671.0,-2.0251841284510907e-16
17673.0,4.0503682569021814e-16
17674.0,4.0503682569021814e-16
17675.0,4.0503682569021814e-16
17676.0,1.5835090772768048e-16
17677.0,-1.491741554057538e-16
17678.0,-1.491741554057538e-16
17679.0,-1.491741554057538e-16
17695.0,0.5349778477726312
17698.0,-1.5835090772768048e-16
17699.0,-2.1712447362319174e-16
17731.0,-1.5404284233178134e-16
17755.0,-4.49907050066206e-15
17756.0,-4.131500127959173e-15
17763.0,2.018199622188142e-15
17769.0,-4.733165431326071e-30
17778.0,9.887844020415303e-15
17781.0,-1.5176900671957626e-15
17782.0,4.49907050066206e-15
17816.0,-1.5404284233178134e-16
17821.0,-1.3475573447183834e-14
17822.0,-1.3475573447183834e-14
17843.0,-6.016742140625804e-16
17846.0,3.056346313923138e-15
17849.0,-4.014253699952341e-15
17865.0,-1.5176900671957626e-15
17870.0,-2.1712447362319174e-16
17887.0,1.5404284233178134e-16
17896.0,-6.016742140625804e-16
17905.0,3.9466607943692836e-15
17920.0,5.598565135999812e-17
17931.0,-0.15914838631329364
17935.0,0.6997680056497173
17955.0,-1.5835090772768048e-16
17970.0,-1.491741554057538e-16
17971.0,-1.491741554057538e-16
17974.0,4.0503682569021814e-16
17979.0,7.557857933269558e-15
17980.0,5.590796680219995e-16
17988.0,-8.192748174340901e-15
17995.0,8.963381879023288e-15
17998.0,-6.447555633809349e-15
18003.0,-0.2814319941001941
18004.0,4.0091805592282945e-15
18011.0,5.590796680219995e-16
18019.0,3.9466607943692836e-15
18028.0,0.9345184214234681
18033.0,0.9477996012026155
18036.0,6.016742140625804e-16
18061.0,2.3955518913065712e-14
18065.0,-4.1365418916614085e-15
18066.0,2.809206080472712e-14
18067.0,-2.6905130703295998e-14
18072.0,-3.07411679930204e-14
18079.0,-6.137547430629095e-17
18083.0,1.844063753181899e-15
18100.0,0.728339143769815
18102.0,3.9466607943692836e-15
18114.0,8.470318185592674e-15
18120.0,-1.2692721761177435e-15
18133.0,3.07411679930204e-14
18135.0,2.98807664983717e-14
18144.0,-1.844063753181899e-15
18163.0,2.647300766421384e-15
18168.0,2.647300766421384e-15
18176.0,-1.1724775140523098e-15
18179.0,-7.497096923847937e-16
18181.0,2.1712447362319174e-16
18182.0,-3.152430433823226e-18
18194.0,-2.1712447362319174e-16
18195.0,-2.1712447362319174e-16
18196.0,-2.1712447362319174e-16
18197.0,-2.1712447362319174e-16
18198.0,-2.1712447362319174e-16
18202.0,-4.7494430631792565e-15
18203.0,-7.497096923847937e-16
18204.0,-7.497096923847937e-16
18205.0,-7.497096923847937e-16
18206.0,-7.497096923847937e-16
18208.0,-2.1712447362319174e-16
18213.0,-1.491741554057538e-16
18234.0,7.893321588738567e-15
18235.0,-7.893321588738567e-15
18237.0,-1.2632067910575561e-14
18238.0,7.893321588738567e-15
18247.0,-2.1712447362319174e-16
18248.0,1.0856223681159587e-16
18263.0,-8.627452905407602e-16
18264.0,-2.2747731436140595e-17
18297.0,-1.2049647224066285e-15
18298.0,0.49535873228557403
18307.0,7.675957928128475e-15
18309.0,7.675957928128475e-15
18311.0,3.9466607943692836e-15
18360.0,6.761968871001329e-15
18361.0,-6.761968871001329e-15
18378.0,-2.526777831055592e-15
18379.0,-1.2308664346707534e-14
18454.0,0.9380746608757915
18500.0,-9.925671233589813e-15
18502.0,-1.551217893083861e-16
18540.0,4.136581048223629e-17
18561.0,1.6124598705351065e-14
18568.0,1.266661424820953e-14
18591.0,-2.3720901678266817e-20
18615.0,1.2504981319193328e-17
18629.0,-0.6268954925034915
18631.0,0.9903967722122498
18638.0,-4.842745621020866e-15
18640.0,6.631497385201063e-15
18678.0,-5.486328974512109e-16
18705.0,-8.874685183736383e-31
18728.0,0.667741088914882
18735.0,-1.7277742908633243e-15
18757.0,0.8974853062611866
18764.0,-1.0914605559105848e-14
18769.0,-1.0240235418403088e-14
18770.0,1.0240235418403088e-14
18791.0,-0.7947597705549233
18803.0,-1.5717081953530075e-16
18816.0,-1.5717081953530075e-16
18818.0,-1.5717081953530075e-16
18833.0,3.7186115511357755e-15
18844.0,5.693883168358177e-15
18850.0,3.795922112238785e-15
18852.0,6.490616884369047e-17
18865.0,-5.486328974512109e-16
18879.0,-2.0808386886031292e-15
18885.0,-2.0808386886031292e-15
18897.0,-2.0808386886031292e-15
18906.0,-2.0808386886031292e-15
18910.0,0.5765424544938671
18914.0,0.02953266439312252
18917.0,0.5354434580571892
18923.0,-9.216744036962116e-15
18976.0,7.893321588738567e-15
18980.0,-2.0808386886031292e-15
18998.0,-4.7802773385270674e-15
19003.0,4.7802773385270674e-15
19007.0,-4.7802773385270674e-15
19017.0,-4.7802773385270674e-15
19019.0,-4.7802773385270674e-15
19026.0,7.893321588738567e-15
19028.0,7.893321588738567e-15
19089.0,-0.6824753994345389
19150.0,-2.0808386886031292e-15
19153.0,0.6824753994345389
19201.0,-1.5423101083580793e-15
19202.0,-2.0808386886031292e-15
19206.0,-6.141842671475696e-15
19208.0,6.141842671475696e-15
19210.0,6.141842671475696e-15
19211.0,6.141842671475696e-15
19212.0,6.141842671475696e-15
19219.0,-3.792679784593735e-15
19223.0,-5.486328974512109e-16
19224.0,5.486328974512109e-16
19227.0,1.2504981319193328e-17
19228.0,-3.4800258134563107e-15
19229.0,-3.4800258134563107e-15
19231.0,8.508643341440348e-15
19232.0,8.508643341440348e-15
19233.0,3.492530794775504e-15
19234.0,8.508643341440348e-15
19235.0,3.492530794775504e-15
19236.0,3.492530794775504e-15
19237.0,1.2504981319193328e-17
19239.0,1.2504981319193328e-17
19241.0,1.2504981319193328e-17
19244.0,2.6548758492156137e-15
19247.0,-8.09442336729464e-16
19259.0,1.5570753889236957e-17
19276.0,-8.09442336729464e-16
19299.0,-2.4858919593360843e-15
19306.0,-0.012679993629459816
19308.0,-6.050726667970435e-15
19320.0,1.0497928174155496e-15
19330.0,6.631497385201063e-15
19331.0,-1.0240235418403088e-14
19335.0,4.896547137253664e-16
19340.0,0.8704404035193541
19344.0,-8.09442336729464e-16
19346.0,-1.7277742908633243e-15
19358.0,-2.0808386886031292e-15
19381.0,-2.9091692144063116e-15
19382.0,-6.631497385201063e-15
19383.0,8.09442336729464e-16
19384.0,-1.4545846072031558e-15
19386.0,-2.052538949931413e-14
19387.0,5.486328974512109e-16
19390.0,5.486328974512109e-16
19393.0,-7.893321588738567e-15
19401.0,8.074589208274741e-18
19405.0,1.0914605559105848e-14
19406.0,-5.486328974512109e-16
19407.0,6.805551056662053e-15
19415.0,-0.3030604549639302
19436.0,-0.7062397776306537
19488.0,0.9349124882519007
19511.0,1.8818268154133385e-15
19578.0,-1.6087624162695818e-14
19614.0,5.355844322256059e-18
19675.0,2.710048595254836e-18
19676.0,1.1074533738372944e-14
19689.0,2.710048595254836e-18
19690.0,5.590796680219995e-16
19701.0,9.264989428989886e-16
19702.0,-3.2482472883640823e-16
19706.0,-1.011359106480998
19751.0,0.9111844423234142
19820.0,6.567994907106077e-16
19870.0,-0.9009128049615799
19925.0,-0.6787300781241579
19941.0,-8.508643341440348e-15
19948.0,-1.5117286915838217e-16
19949.0,-1.5117286915838217e-16
19950.0,-1.5117286915838217e-16
19952.0,-1.5117286915838217e-16
19960.0,0.3484635154558014
19964.0,8.431307191377378e-15
19983.0,-2.96589121142081e-14
20009.0,7.557857933269559e-15
20010.0,7.557857933269559e-15
20027.0,-1.404603040236356e-14
20046.0,-1.5117286915838217e-16
20049.0,2.96589121142081e-14
20050.0,2.96589121142081e-14
20052.0,-9.887844020415303e-15
20059.0,8.508643341440348e-15
20060.0,8.508643341440348e-15
20110.0,8.712253819637048e-15
20124.0,2.647300766421384e-15
20154.0,2.3955518913065712e-14
20157.0,1.2049647224066285e-15
20163.0,1.924631757165733e-16
20169.0,-0.06066556179471471
20172.0,7.557857933269559e-15
20178.0,-9.216744036962116e-15
20196.0,7.557857933269559e-15
20200.0,-9.216744036962116e-15
20202.0,7.557857933269559e-15
20208.0,7.557857933269559e-15
20212.0,7.557857933269559e-15
20214.0,7.557857933269559e-15
20215.0,1.2692721761177435e-15
20228.0,-2.96589121142081e-14
20229.0,2.96589121142081e-14
20230.0,-2.96589121142081e-14
20241.0,8.050747219516792e-18
20242.0,3.522201908538597e-18
20243.0,1.6353080289643486e-17
20244.0,9.979572074192691e-17
20245.0,9.266745497464642e-17
20246.0,-8.805504771346492e-18
20248.0,4.9897860370963453e-17
20250.0,-8.508643341440348e-15
20259.0,-2.96589121142081e-14
20264.0,-2.966637851665026e-14
20267.0,2.9674736990357047e-14
20277.0,1.239450038387752e-15
20285.0,0.6343071820052796
20290.0,-9.887844020415303e-15
20292.0,-8.508643341440348e-15
20299.0,-8.508643341440348e-15
20303.0,-9.887844020415303e-15
20316.0,-0.6255676967118311
20325.0,8.192748174340901e-15
20335.0,-1.5743177119231383e-15
20336.0,-2.647300766421384e-15
20337.0,-1.5743177119231383e-15
20339.0,-8.805504771346492e-18
20340.0,4.9897860370963453e-17
20342.0,9.979572074192691e-17
20344.0,8.302333070126693e-18
20345.0,1.1824534978665288e-17
20346.0,6.700569821243664e-17
20347.0,1.8818621625620503e-16
20349.0,6.465756360674425e-17
20350.0,2.088162560062168e-16
20355.0,-8.470318185592674e-15
20380.0,8.192748174340901e-15
20381.0,-1.6442629784164466e-15
20382.0,2.809206080472712e-14
20384.0,-2.809206080472712e-14
20385.0,2.6905130703295998e-14
20390.0,2.6905130703296e-14
20395.0,-1.404603040236356e-14
20398.0,-2.7019077750228875e-14
20401.0,-3.792679784593735e-15
20403.0,2.7019077750228875e-14
20404.0,-2.7019077750228875e-14
20408.0,2.7019077750228875e-14
20409.0,-3.792679784593735e-15
20411.0,3.792679784593735e-15
20414.0,3.792679784593735e-15
20417.0,-8.508643341440348e-15
20422.0,8.192748174340901e-15
20427.0,-2.3955518913065712e-14
20429.0,-1.2049647224066285e-15
20430.0,1.2049647224066285e-15
20431.0,-2.3955518913065712e-14
20436.0,7.675957928128475e-15
20456.0,-1.009099811094071e-15
20464.0,-1.009099811094071e-15
20478.0,-7.319430756497706e-15
20502.0,8.963381879023288e-15
20544.0,6.761968871001329e-15
20545.0,1.2049647224066285e-15
20564.0,-1.6442629784164466e-15
20641.0,-1.2049647224066285e-15
20643.0,1.2049647224066285e-15
20653.0,-7.466402442164438e-18
20654.0,2.966637851665026e-14
20655.0,-2.96589121142081e-14
20664.0,-8.347271421813635e-22
20669.0,6.260453566360226e-22
20681.0,-6.137547430629095e-17
20687.0,-3.630619275889903e-15
20736.0,-3.718755887359618e-15
20741.0,-3.718755887359618e-15
20747.0,-3.718755887359618e-15
20748.0,-3.718755887359618e-15
20751.0,-3.718755887359618e-15
20759.0,3.552772109166922e-14
20760.0,-2.9496117902302857e-15
20766.0,-2.3955518913065712e-14
20816.0,0.050001977430931335
20849.0,-1.8153096379449514e-15
20901.0,-1.323650383210692e-15
20907.0,1.323650383210692e-15
20911.0,4.9897860370963453e-17
20912.0,3.6639286043821736e-16
20913.0,4.562090091059516e-17
20914.0,8.302333070126693e-18
20915.0,6.700569821243664e-17
20916.0,1.1824534978665288e-17
20917.0,8.805504771346492e-18
20918.0,9.266745497464642e-17
20919.0,8.805504771346492e-18
20920.0,8.000430049394812e-17
20951.0,-1.844063753181899e-15
20952.0,-2.647300766421384e-15
20962.0,1.5824876148947178e-17
20971.0,1.874309060267278e-15
20976.0,2.276535100793644e-15
20977.0,4.49907050066206e-15
20988.0,1.508093824142317e-14
20996.0,-4.689394197060713e-15
21029.0,-1.1599988397926323e-16
21032.0,8.650878345330757e-15
21061.0,3.901355730451085e-15
21094.0,3.9968028886505635e-15
21100.0,-1.2049647224066285e-15
21102.0,3.718755887359618e-15
21106.0,8.650878345330757e-15
21108.0,-6.761968871001329e-15
21111.0,-2.018199622188142e-15
21135.0,-4.779708949184326e-15
21136.0,-4.779708949184326e-15
21156.0,0.94802647818587
21158.0,0.9400644970662413
21162.0,7.437511774719237e-15
21182.0,0.27002257620438974
21187.0,-0.9982736806409751
21190.0,0.7795111373616889
21195.0,-0.1912101313651716
21221.0,-0.6275177898577513
21223.0,-1.302617300068086
21229.0,0.14723111964282193
21244.0,-0.05367772417447013
21251.0,-0.942133060721301
21265.0,-0.9710791110765346
21275.0,-0.6299944203684484
21282.0,-0.9492416888469538
21289.0,0.06733205255463581
21317.0,-0.7743124869284739
21326.0,1.1478938209974638
21334.0,-0.9795188045361087
21342.0,0.884776955680135
21347.0,-0.884776955680135
21358.0,0.8134246145276561
21381.0,0.7227243721722049
21418.0,-0.0221931940552081
21428.0,0.9878813217332207
21440.0,1.2049647224066285e-15
21467.0,7.50728909723042e-15
21478.0,0.601747215843893
21503.0,-0.8717697920482828
21518.0,-0.9994454057385911
21547.0,-6.016742140625804e-16
21549.0,-7.50728909723042e-15
21553.0,0.8717697920482828
21560.0,-0.23278900096405938
21561.0,-5.56200223553634e-17
21565.0,0.23278900096405933
21572.0,-1.7277742908633243e-15
21598.0,-0.6052860574413684
21606.0,-0.7401396835894873
21660.0,-8.547307075356649e-15
21674.0,-2.3215549853215905e-16
21678.0,-9.44622487396706e-17
21698.0,-8.547307075356649e-15
21737.0,-4.166718489210858e-16
21746.0,0.7153587922354894
21789.0,-7.445749743692026e-15
21791.0,-0.7551497917370729
21802.0,-7.224278331711317e-17
21882.0,-0.9767008789538091
21891.0,-1.2504981319193156e-17
21902.0,-8.09442336729464e-16
21909.0,0.012679993629466448
21910.0,0.825729445357306
21916.0,8.09442336729464e-16
21919.0,8.09442336729464e-16
21921.0,-8.582229886821612e-16
21936.0,2.0808386886031292e-15
21938.0,-8.09442336729464e-16
21954.0,0.6067741138292572
21958.0,-0.6824753994345389
21973.0,0.23873465002317693
21992.0,-0.6873056038548124
22001.0,0.0900102455266362
22002.0,0.938616085051361
22006.0,-0.46512529107883877
22010.0,-0.5381644580989281
22011.0,-0.9785756749207233
22030.0,0.4624402828049206
22089.0,-1.8259984309146668e-16
22139.0,-0.00019243278044003733
22154.0,-0.0001924327804144757
22167.0,-0.23873465002317693
22223.0,-0.07525859896512378
22275.0,-3.6276554791783136e-14
22303.0,3.6276554791783136e-14
22305.0,1.8259984309146668e-16
22348.0,0.938616085051361
22349.0,-0.6067741138292682
22360.0,-0.9008108978528847
22407.0,-0.800865077460213
22416.0,0.9692653356071773
22417.0,-0.7508586014054086
22424.0,-0.3186569171214607
22448.0,0.5381644580989281
22449.0,0.9785756749207233
22457.0,0.4624402828049206
22461.0,-0.00019243278044003733
22477.0,0.050581020466721194
22483.0,-0.9657282000806361
22513.0,-0.776899108122105
22555.0,0.7810971999263692
22583.0,0.4624402828049206
22589.0,-0.4624402828049206
22591.0,1.0448953854290666
22601.0,0.07570128560527076
22660.0,0.07525859896512378
22661.0,-0.07525859896512378
22678.0,0.8589517412284954
22680.0,-0.8589517412284954
22707.0,-0.7810971999263814
22711.0,0.3186569171214607
22713.0,0.4624402828049206
22730.0,0.776899108122105
22747.0,0.800865077460213
22749.0,-0.800865077460213
22773.0,-0.9185573774616492
22784.0,0.0900102455266362
22824.0,-0.776899108122105
22831.0,0.800865077460213
22832.0,-0.4624402828049206
22874.0,-0.8083707207617742
22884.0,-0.5738705745255177
22886.0,-0.3953947610816596
22920.0,-0.8496219666447038
22948.0,-0.9185573774616492
22949.0,0.9185573774616492
22991.0,-3.6276554791783136e-14
23058.0,-0.12052732410274321
23059.0,-0.7063737614503295
23061.0,1.0448953854290666
23083.0,0.7810971999263692
23085.0,-3.6276554791783136e-14
23124.0,-0.776899108122105
23125.0,0.776899108122105
23170.0,2.0808386886031292e-15
23171.0,-2.0808386886031292e-15
23220.0,4.7802773385270674e-15
23292.0,0.8776358952347321
23294.0,-0.8776358952347321
23310.0,4.6467494645461495e-15
23314.0,4.6467494645461495e-15
23315.0,-5.658656916313583e-16
23318.0,-0.4333079060915122
23352.0,-7.557857933269559e-15
23371.0,5.082973625041498e-15
23377.0,0.5470097901007446
23391.0,-0.8594911136593062
23396.0,7.5535116586985e-15
23406.0,-0.8545307557546847
23469.0,-4.522957998016768e-15
23472.0,-8.902093404947339e-17
23474.0,1.508093824142317e-14
23489.0,-8.508643341440348e-15
23490.0,-8.508643341440348e-15
23491.0,3.4800258134563107e-15
23492.0,-1.2504981319193156e-17
23493.0,-1.2504981319193156e-17
23499.0,-0.5555963449131608
23500.0,-0.9031421787212045
23506.0,-1.5717081953530075e-16
23507.0,-1.5717081953530075e-16
23508.0,-1.5717081953530075e-16
23509.0,-1.5717081953530075e-16
23516.0,1.2429459796680421e-14
23518.0,1.2429459796680421e-14
23532.0,4.842745621020866e-15
23533.0,-4.842745621020866e-15
23546.0,1.7413586900624323e-16
23548.0,5.082973625041498e-15
23556.0,1.8979610561193924e-15
23557.0,5.693883168358177e-15
23558.0,5.693883168358177e-15
23559.0,-5.693883168358177e-15
23566.0,-7.893321588738567e-15
23590.0,-8.582229886821612e-16
23596.0,-5.486328974512109e-16
23597.0,5.507944755303014e-15
23633.0,1.5423101083580793e-15
23645.0,2.261478999008384e-15
23659.0,0.9692653356071773
23720.0,0.5628639882003882
23722.0,8.192748174340901e-15
23724.0,-2.2699784060512127e-14
23731.0,-7.557857933269559e-15
23754.0,8.627452905407602e-16
23760.0,8.864408474581579e-15
23775.0,-6.447555633809349e-15
23784.0,5.189879082608348e-15
23786.0,5.189879082608348e-15
23788.0,5.189879082608348e-15
23789.0,5.189879082608348e-15
23790.0,5.189879082608348e-15
23792.0,5.189879082608348e-15
23803.0,3.632824045956145e-20
23845.0,-8.192748174340901e-15
23954.0,-0.4759065236657025
23967.0,0.989731511066377
23968.0,-1.2035759398522487e-14
23970.0,-0.8568509955297594
23973.0,-1.2728676707930207e-15
23974.0,3.87305154885758e-15
23978.0,0.5697330099063223
24052.0,2.0892102955815804e-15
24057.0,-4.779708949184326e-15
24079.0,-4.779708949184326e-15
24085.0,-2.0892102955815804e-15
24097.0,1.938037426423198e-15
24117.0,-0.8609199379698191
24145.0,-6.137547430629095e-17
24158.0,-0.7854996320734399
24224.0,1.938037426423198e-15
24247.0,-2.4500505290112288e-14
24291.0,6.761968871001329e-15
24293.0,0.9994454057385911
24295.0,-1.0873783979074899e-16
24305.0,0.6343071820052796
24383.0,7.857153896876708e-16
24393.0,4.8476252587658716e-15
24501.0,-7.857153896876708e-16
24523.0,-1.1132729927959566e-15
24605.0,-7.826328169998408e-16
24629.0,-4.8476252587658716e-15
24643.0,2.764049373412802e-15
24649.0,-1.1132729927959566e-15
24676.0,-4.779708949184326e-15
24683.0,-4.687591784112698e-18
24684.0,-4.779708949184326e-15
24691.0,3.4877999425956107e-15
24692.0,-3.4877999425956107e-15
24738.0,0.08886909578226887
24742.0,1.2049647224066285e-15
24804.0,0.842798699353902
24830.0,0.8014854566053431
24832.0,-1.9721522630525295e-31
24849.0,-2.0892102955815804e-15
24903.0,-1.938037426423198e-15
24954.0,0.8340192027945912
24956.0,8.627452905407602e-16
24975.0,0.9365074259490829
24983.0,-3.056346313923138e-15
25001.0,0.5077418244396742
25006.0,-1.6815616585017157e-16
25007.0,-6.61825191605346e-16
25008.0,6.726246634006863e-16
25038.0,8.627452905407602e-16
25082.0,-8.627452905407602e-16
25086.0,-8.192748174340901e-15
25088.0,-2.0251841284510907e-16
25089.0,9.05549346488166e-15
25090.0,-8.627452905407602e-16
25092.0,-1.3571746217825299e-15
25114.0,-8.627452905407602e-16
25229.0,5.580904708398034e-16
25234.0,-8.627452905407602e-16
25236.0,-8.627452905407602e-16
25240.0,8.627452905407602e-16
25243.0,2.0251841284510907e-16
25244.0,-1.0060422876109078e-15
25247.0,-1.0060422876109078e-15
25250.0,-1.3571746217825299e-15
25252.0,-1.8095661623767064e-15
25257.0,-1.3571746217825299e-15
25259.0,-6.945344872249699e-15
25260.0,-6.945344872249699e-15
25263.0,7.238264649506826e-15
25272.0,-3.630619275889903e-15
25275.0,5.658656916313583e-16
25282.0,-3.630619275889903e-15
25283.0,3.630619275889903e-15
25284.0,-3.630619275889903e-15
25287.0,8.650878345330757e-15
25288.0,-6.137547430629095e-17
25291.0,-6.137547430629095e-17
25296.0,7.588450335978813e-16
25320.0,2.018199622188142e-15
25323.0,-2.018199622188142e-15
25324.0,-2.018199622188142e-15
25327.0,-2.018199622188142e-15
25328.0,-2.018199622188142e-15
25329.0,-2.018199622188142e-15
25331.0,-1.2049647224066285e-15
25332.0,-1.0873783979074899e-16
25338.0,9.264989428989886e-16
25348.0,-3.381171042759546e-15
25349.0,-3.381171042759546e-15
25357.0,-8.627452905407602e-16
25394.0,-0.45641635067819275
25400.0,0.050001977430931335
25406.0,-1.8259984309146668e-16
25407.0,-1.8259984309146668e-16
25439.0,-4.6467494645461495e-15
25440.0,-4.1820745180915346e-15
25466.0,7.5535116586985e-15
25478.0,-4.313726452703801e-16
25479.0,1.7316524484799913e-14
25488.0,9.729342241004466e-16
25490.0,-6.528045561624515e-16
25491.0,-1.0334780273185132e-15
25492.0,9.729342241004466e-16
25497.0,-4.6467494645461495e-15
25498.0,-4.6467494645461495e-15
25566.0,-0.06066556179471471
25571.0,7.5535116586985e-15
25572.0,7.5535116586985e-15
25573.0,7.5535116586985e-15
25607.0,-1.1599988397926323e-16
25629.0,-1.1599988397926323e-16
25653.0,-2.353078413736418e-16
25687.0,-2.710048595254836e-18
25690.0,-9.887844020415303e-15
25699.0,-1.049093503446075e-15
25711.0,-0.8582033188438117
25720.0,-0.19366738911864723
25724.0,-9.887844020415303e-15
25751.0,-0.9588417458579667
25761.0,-1.2049647224066285e-15
25766.0,6.761968871001329e-15
25775.0,-0.9902622949721179
25810.0,-0.9902622949721179
25819.0,-1.2049647224066285e-15
25846.0,-1.2049647224066285e-15
25868.0,0.9750375326233544
25874.0,-0.39943838442344215
25888.0,0.8741291831549869
25890.0,-0.3822172518444281
25892.0,-0.8368596343485132
25900.0,-0.49260096067277537
25902.0,-0.8705969640602856
25905.0,0.8081638643740117
25918.0,-0.9812229332084262
25920.0,0.6572334247959578
25925.0,-0.6626131397382705
25934.0,-0.16861619268917455
26140.0,6.596865232620362e-15
26141.0,6.596865232620362e-15
26160.0,-0.7455925435484021
26168.0,0.8381212386841828
26280.0,-4.5495462872281185e-15
26317.0,-3.381171042759546e-15
26319.0,-3.381171042759546e-15
26321.0,-3.381171042759546e-15
26324.0,-3.381171042759546e-15
26325.0,-3.381171042759546e-15
26326.0,-3.381171042759546e-15
26328.0,-3.381171042759546e-15
26329.0,-3.381171042759546e-15
26330.0,-3.381171042759546e-15
26331.0,-3.381171042759546e-15
26332.0,-3.381171042759546e-15
26333.0,-3.381171042759546e-15
26341.0,-0.9389642585276502
26349.0,1.16044245089281e-16
26350.0,3.48132735267843e-16
26371.0,1.009099811094071e-15
26372.0,4.6467494645461495e-15
26381.0,3.630619275889903e-15
26385.0,2.5970467664265106e-15
26393.0,0.7863256141559046
26421.0,-0.9641353553000844
26425.0,-1.3009968644554552e-13
26428.0,-1.9704312541417877e-15
26443.0,2.052538949931413e-14
26466.0,1.540224876246264e-14
26502.0,-0.046100795406014194
26503.0,-0.013352804361065118
26529.0,3.492530794775504e-15
26569.0,-3.492530794775504e-15
26580.0,-3.566127292184833e-16
26598.0,-3.492530794775504e-15
26600.0,-1.144760155184271e-16
26601.0,-3.492530794775504e-15
26609.0,-4.0091805592282945e-15
26610.0,3.7724097683793287e-16
26639.0,2.557697951703689e-16
26648.0,-3.492530794775504e-15
26649.0,-3.492530794775504e-15
26652.0,-3.492530794775504e-15
26654.0,-3.2920290473743437e-15
26666.0,4.167081771615454e-16
26697.0,-9.354832416826352e-20
26698.0,2.3173390187933425e-14
26758.0,0.9474713387908226
26786.0,-0.7697521361811361
26797.0,-3.7321451776401405e-19
26802.0,3.2093837430161627e-18
26803.0,-1.7989476755531613e-19
26804.0,-1.610997918405816e-19
26812.0,3.244288697914956e-18
26833.0,1.7363798664896948e-15
26836.0,-5.969498435590333e-18
26838.0,9.138841402577341e-15
26845.0,1.3470167443171892e-15
26902.0,-3.414077820845947e-16
26918.0,1.2429459796680421e-14
26952.0,-6.273111777137302e-15
26953.0,5.510111991730984e-15
26958.0,-7.871588559615691e-16
26964.0,3.1486354238462766e-15
26985.0,5.190251296412319e-18
26986.0,-8.09442336729464e-16
26989.0,-1.2429459796680421e-14
26991.0,-6.273111777137302e-15
26992.0,5.510111991730984e-15
26996.0,2.3614765678847074e-15
26997.0,-2.3614765678847074e-15
26999.0,7.338439257764223e-16
27006.0,7.871588559615691e-16
27008.0,1.7277742908633243e-15
27012.0,-0.6657623577752165
27020.0,0.8450301573637871
27022.0,7.871588559615691e-16
27027.0,5.510111991730984e-15
27028.0,-5.190251296412319e-18
27030.0,-7.871588559615691e-16
27032.0,-7.871588559615691e-16
27038.0,7.871588559615691e-16
27039.0,-7.871588559615691e-16
27045.0,-4.5128760443550305e-15
27057.0,3.492530794775504e-15
27058.0,-8.713771309169002e-15
27061.0,1.7277742908633243e-15
27086.0,-3.492530794775504e-15
27091.0,-3.492530794775504e-15
27109.0,1.5743177119231383e-15
27116.0,2.3614765678847074e-15
27120.0,7.871588559615691e-16
27121.0,7.871588559615691e-16
27122.0,3.9357942798078457e-16
27135.0,7.871588559615691e-16
27136.0,7.871588559615691e-16
27139.0,-2.3614765678847074e-15
27143.0,-3.492530794775504e-15
27147.0,-5.434803818311111e-15
27155.0,-6.490616884369047e-17
27156.0,-4.827551499183211e-15
27171.0,-4.291114943410806e-16
27179.0,-0.6067065361993278
27188.0,-0.4281065364851687
27189.0,0.7920407849019208
27225.0,-4.014253699952341e-15
27226.0,4.014253699952341e-15
27229.0,2.8065830405993636e-14
27230.0,-2.8065830405993636e-14
27232.0,-4.313726452703801e-16
27234.0,8.627452905407602e-16
27247.0,-1.4032915202996818e-14
27253.0,-0.5232909773337169
27259.0,-9.138841402577341e-15
27261.0,5.078178608255394e-16
27262.0,-9.138841402577341e-15
27288.0,-1.1083242847659075e-15
27289.0,4.0091805592282945e-15
27301.0,5.551115123125783e-16
27329.0,1.1083242847659075e-15
27336.0,7.445749743692026e-15
27342.0,3.0469071649532365e-15
27343.0,-1.5234535824766182e-15
27345.0,5.078178608255394e-16
27348.0,-0.9878813217332207
27357.0,-0.9534066170667057
27369.0,3.492530794775504e-15
27370.0,-3.492530794775504e-15
27375.0,-1.8800922823694967e-18
27376.0,-1.8800922823694967e-18
27377.0,-1.8800922823694967e-18
27378.0,-1.8800922823694967e-18
27379.0,-1.8800922823694967e-18
27380.0,2.67176509298915e-18
27381.0,2.67176509298915e-18
27382.0,2.67176509298915e-18
27383.0,2.346437118854812e-18
27384.0,2.346437118854812e-18
27385.0,2.502166917634041e-18
27386.0,2.502166917634041e-18
27387.0,-1.8800922823695014e-18
27388.0,-1.8800922823695014e-18
27389.0,-1.8800922823695014e-18
27393.0,-1.0156357216510788e-14
27394.0,-1.0156357216510788e-14
27401.0,-1.8800922823695014e-18
27403.0,5.078178608255394e-15
27405.0,1.0156357216510788e-15
27409.0,5.078178608255394e-16
27412.0,-9.138841402577341e-15
27413.0,-5.078178608255394e-15
27414.0,5.078178608255394e-15
27417.0,5.078178608255394e-15
27418.0,-9.400461411847507e-19
27425.0,7.445749743692026e-15
27432.0,8.082100465903135e-15
27438.0,-0.8724325679965146
27441.0,-0.8127854781722886
27477.0,-3.136722643018714e-17
27508.0,9.01394263774139e-19
27678.0,-4.166718489210858e-16
27679.0,0.94802647818587
27680.0,5.551115123125783e-17
27681.0,5.551115123125783e-17
27682.0,2.4080927772371056e-17
27707.0,8.547307075356649e-15
27708.0,8.547307075356649e-15
27741.0,-0.7071247519292703
27746.0,0.17374208968546678
27752.0,-4.634699865528991e-14
27753.0,4.634699865528991e-14
27774.0,8.547307075356649e-15
27775.0,5.551115123125783e-17
27846.0,-1.8452040522822852e-17
27923.0,-0.4827637433034393
27997.0,-1.590146795652289e-17
27999.0,5.682158185256231e-15
28011.0,-8.1427678794716095e-16
28016.0,-8.1427678794716095e-16
28018.0,-1.984802092321616e-15
28019.0,-2.8410790926281155e-15
28049.0,7.809280667537481e-15
28053.0,-2.8410790926281154e-17
28103.0,2.8410790926281155e-15
28123.0,7.809280667537481e-15
28132.0,-2.8410790926281154e-17
28141.0,7.809280667537482e-17
28174.0,-8.1427678794716095e-16
28221.0,7.809280667537481e-15
28271.0,7.809280667537481e-15
28301.0,-1.5901467956522892e-15
