vector,row,col
v,13094,1
I,V
12.0,1.7024370437230083e-19
19.0,-3.804688847172603e-20
22.0,-2.708422569559331e-20
23.0,3.804688847172603e-20
30.0,6.123882730700735e-17
33.0,-2.269916058189005e-19
35.0,2.269916058189005e-19
37.0,2.269916058189005e-19
39.0,6.123882730700735e-17
41.0,7.039873061077388e-17
44.0,1.5679951144521898e-17
65.0,7.566386860630016e-20
69.0,7.566386860630016e-20
71.0,7.039873061077388e-17
72.0,7.039873061077388e-17
110.0,-7.247076212227684e-16
128.0,1.3188173955906577e-16
134.0,2.036889775740324e-15
138.0,-9.834155804526323e-16
140.0,5.764784556530474e-16
141.0,3.091480789022787e-16
143.0,-1.428765975315015e-20
176.0,-6.11738297745323e-31
181.0,-9.353952588535733e-16
185.0,-6.582543176797868e-16
193.0,3.0308538289235946e-20
196.0,-2.2570188074244134e-20
201.0,-2.2570188074244134e-20
202.0,-2.2570188074244134e-20
203.0,1.5224202254887795e-19
204.0,-1.5224202254887795e-19
218.0,8.042148780390124e-17
219.0,-1.2709370541456784e-16
222.0,2.1240832034483152e-17
225.0,2.622017458251638e-16
227.0,2.622017458251638e-16
233.0,-9.645663035778183e-17
237.0,1.4507133269320452e-16
241.0,-1.4873693446178755e-16
245.0,-9.645663035778183e-17
246.0,1.2071599321872737e-15
256.0,5.282979799699042e-16
267.0,2.4913357922832913e-16
274.0,-2.7512076838511878e-17
275.0,7.570912791715661e-17
284.0,-9.99448196947784e-17
287.0,1.4507133269320452e-16
288.0,1.4507133269320452e-16
289.0,-1.4507133269320452e-16
290.0,1.4507133269320452e-16
291.0,1.4507133269320452e-16
292.0,-1.4507133269320452e-16
293.0,1.4507133269320452e-16
297.0,4.334619244933984e-31
305.0,1.1607525314362279e-20
313.0,3.5842690378286966e-17
320.0,3.5842690378286966e-17
321.0,3.5734284224517504e-16
329.0,1.0722517732184413e-16
331.0,2.142792862679269e-16
333.0,-1.5304045896091955e-16
334.0,1.49186824946001e-16
336.0,-1.6084297560780249e-16
347.0,7.234563976660174e-16
348.0,-7.234563976660174e-16
351.0,6.214203736332883e-17
353.0,-7.234563976660174e-16
358.0,8.318726463646517e-20
359.0,9.99448196947784e-17
362.0,-8.318726463646517e-20
363.0,1.49186824946001e-16
364.0,-8.234012173607958e-16
367.0,3.6423432388561625e-16
372.0,-6.410212931649103e-17
373.0,9.645663035778183e-17
374.0,-9.645663035778183e-17
376.0,-1.49186824946001e-16
382.0,3.5734284224517504e-16
386.0,-1.2745689653328988e-16
391.0,1.428765975315015e-20
394.0,-1.6084297560780249e-16
398.0,-5.03510559266403e-16
402.0,1.49186824946001e-16
403.0,-3.6423819306071563e-16
406.0,-2.423569177762179e-17
409.0,8.234012173607958e-16
410.0,1.4507133269320452e-16
418.0,4.8775236198183784e-17
420.0,3.944304526105059e-31
421.0,3.5842690378286966e-17
425.0,-2.0316501970254157e-16
427.0,9.994675428232808e-17
429.0,-3.384988371637919e-16
440.0,3.5842690378286966e-17
441.0,1.0669674849350244e-15
447.0,3.5842690378286966e-17
455.0,-3.6423432388561625e-16
476.0,-3.6423432388561625e-16
493.0,8.042148780390124e-17
494.0,3.6423432388561625e-16
496.0,-3.6423432388561625e-16
498.0,1.322993207360688e-16
502.0,-5.1902590521025783e-17
503.0,-9.99448196947784e-17
510.0,1.0509367729583383e-15
517.0,-1.4501716424181334e-16
518.0,4.058179657075073e-17
521.0,1.4026071267508815e-16
522.0,-7.754670455446028e-16
524.0,-2.2270931454760297e-15
525.0,4.0100263053578607e-16
527.0,1.7590642314223391e-15
529.0,-4.226004488689652e-16
530.0,2.3488385351882818e-15
531.0,4.667193074723141e-16
533.0,-4.226004488689652e-16
534.0,2.3488385351882818e-15
549.0,5.221068688830537e-16
553.0,-5.370263677644535e-16
558.0,5.370263677644535e-16
559.0,1.4919498881399915e-17
560.0,1.4919498881399915e-17
567.0,-4.334619244933984e-31
571.0,-4.334619244933984e-31
576.0,-4.256645231972282e-17
577.0,-4.965507680923052e-16
581.0,-5.39117220412028e-16
583.0,-5.39117220412028e-16
585.0,-3.091480789022787e-16
589.0,-1.2560985286054748e-16
591.0,-1.2560985286054748e-16
592.0,-1.2560985286054748e-16
594.0,-1.2560985286054748e-16
598.0,-1.2560985286054748e-16
600.0,-1.2560985286054748e-16
604.0,-1.2560985286054748e-16
606.0,-1.2560985286054748e-16
613.0,1.2560985286054748e-16
615.0,1.2560985286054748e-16
616.0,-1.2560985286054748e-16
618.0,-1.2560985286054748e-16
620.0,-1.2560985286054748e-16
628.0,-3.091480789022787e-16
630.0,5.221068688830537e-16
635.0,-1.2560985286054793e-16
636.0,-1.2560985286054793e-16
637.0,-1.2560985286054793e-16
639.0,1.4256837686356537e-15
640.0,-1.2560985286054748e-16
652.0,-3.491340429848953e-16
657.0,-4.8364688742130915e-20
660.0,5.419580539044964e-16
670.0,1.0853875567120957e-15
672.0,2.7498974387180946e-17
680.0,5.419580539044964e-16
681.0,-5.419580539044964e-16
683.0,2.4705839249005338e-15
685.0,-2.7797320038028124e-15
692.0,-2.7797320038028124e-15
705.0,-2.5121970572109496e-16
709.0,-9.015819646520305e-17
710.0,-3.545165639534443e-17
711.0,3.545165639534443e-17
712.0,3.545165639534443e-17
713.0,-1.2560985286054748e-16
714.0,-1.2560985286054748e-16
717.0,-1.2560985286054748e-16
718.0,-2.5121970572109496e-16
719.0,-1.2560985286054748e-16
720.0,-1.2560985286054748e-16
723.0,-4.059233836871071e-17
727.0,-7.536591171632848e-16
731.0,7.536591171632848e-16
734.0,7.500418166646775e-20
735.0,7.500418166646775e-20
736.0,7.500418166646775e-20
737.0,7.500418166646775e-20
742.0,-1.2560985286054748e-16
743.0,-1.2560985286054748e-16
744.0,-1.2560985286054748e-16
745.0,7.536591171632848e-16
746.0,7.536591171632848e-16
747.0,7.536591171632848e-16
748.0,7.536591171632848e-16
757.0,-8.896237235952472e-17
758.0,-8.896237235952472e-17
775.0,2.9215774663391396e-15
778.0,1.1728784801685176e-15
797.0,2.4349077942450437e-16
801.0,5.679103013188437e-17
803.0,-2.895122712290561e-16
806.0,-4.059250731167797e-16
807.0,4.058179657075073e-16
808.0,4.058179657075073e-16
810.0,4.058179657075073e-16
834.0,8.896237235952472e-17
835.0,8.896237235952472e-17
850.0,-8.896237235952472e-17
851.0,-8.896237235952472e-17
852.0,-8.896237235952472e-17
870.0,8.896237235952472e-17
883.0,1.2560985286054748e-16
885.0,1.0865214904272667e-15
886.0,6.280492643027374e-17
887.0,6.280492643027374e-17
909.0,-1.2560985286054748e-16
918.0,-1.2560985286054748e-16
919.0,-1.2560985286054748e-16
920.0,1.2560985286054748e-16
931.0,8.896237235952472e-17
932.0,-8.896237235952472e-17
963.0,1.2560985286054748e-16
964.0,-1.2560985286054748e-16
965.0,-1.2560985286054748e-16
966.0,1.2560985286054748e-16
971.0,-1.2560985286054748e-16
990.0,-3.7864782844551766e-17
992.0,-4.656457764218512e-16
993.0,-2.2162150238981725e-16
996.0,-8.137811132085218e-17
997.0,-8.137811132085218e-17
999.0,1.2068411105042946e-15
1000.0,-1.3746454681050686e-16
1008.0,1.0853875567120957e-15
1016.0,4.058179657075073e-17
1019.0,5.945527581542394e-16
1022.0,1.1728784801685176e-15
1036.0,2.3611834597246126e-16
1037.0,7.234563976660174e-16
1040.0,-7.234563976660174e-16
1046.0,4.873380516935563e-16
1057.0,-5.327260208411182e-17
1058.0,-8.896237235952472e-17
1059.0,-1.2560985286054748e-16
1060.0,-5.327260208411182e-17
1065.0,-5.327260208411182e-17
1066.0,-1.2560985286054748e-16
1067.0,-1.2560985286054748e-16
1068.0,2.4349077942450437e-16
1076.0,5.611877592766759e-16
1078.0,5.679103013188437e-17
1081.0,2.895122712290561e-16
1087.0,4.0126946457033296e-16
1088.0,-1.2560985286054748e-16
1105.0,-1.0179476682159126e-18
1115.0,5.282979799699042e-16
1116.0,5.282979799699042e-16
1124.0,-1.1690442602256053e-15
1137.0,1.1169741696913018e-16
1138.0,-1.2877551852438944e-18
1155.0,-8.97983469199448e-17
1157.0,-8.97983469199448e-17
1182.0,2.874952850929932e-17
1184.0,2.874952850929932e-17
1185.0,2.874952850929932e-17
1187.0,-2.449553092280294e-16
1188.0,-2.245423667923602e-16
1189.0,-2.2454236679236023e-16
1192.0,-2.2454236679236023e-16
1197.0,-2.0412942435669116e-17
1203.0,-2.0412942435669116e-17
1208.0,6.123882730700732e-17
1210.0,-2.2454236679236023e-16
1222.0,6.123882730700732e-17
1224.0,6.123882730700732e-17
1225.0,6.123882730700732e-17
1246.0,-2.449553092280294e-16
1247.0,1.8745625220943075e-16
1251.0,-1.161606884436803e-16
1252.0,-1.9105154207411348e-19
1253.0,1.3843161269856745e-16
1254.0,3.8774102316883364e-19
1255.0,4.416077010052477e-16
1256.0,4.798061696962226e-16
1257.0,-5.705364839939806e-16
1258.0,1.9406288401861827e-16
1259.0,1.7922592664365362e-16
1260.0,-1.679568544850787e-17
1261.0,-3.422837197892306e-16
1262.0,7.730178173404655e-17
1263.0,-9.756655899329546e-17
1264.0,2.1179725251091824e-16
1265.0,5.891120572253883e-17
1267.0,5.554334942099552e-17
1268.0,-4.294658344096702e-17
1269.0,-3.303727499574141e-19
1270.0,-4.9439624436904456e-17
1271.0,-1.8104582639973124e-16
1272.0,-3.075929722460242e-16
1273.0,-2.0156841806533932e-16
1274.0,4.43412436099917e-16
1275.0,4.79752311994739e-16
1285.0,-1.2245896497388393e-16
1286.0,3.2699813807145808e-18
1287.0,-2.5896254156966666e-16
1288.0,-2.5050117583846452e-18
1289.0,1.476863738150164e-17
1290.0,-3.0466484909839938e-18
1291.0,2.378200788029931e-17
1292.0,1.4098745767237764e-17
1293.0,-5.295881823042661e-17
1294.0,4.058179657075073e-17
1295.0,-5.705364839939806e-16
1296.0,1.4228479629467777e-16
1297.0,1.7922592664365362e-16
1298.0,-5.914184080883621e-18
1299.0,-2.5059050245291874e-19
1300.0,-2.357003571913218e-16
1301.0,2.6824436606776293e-19
1302.0,-5.813880171433079e-17
1303.0,-3.3072740825058536e-18
1304.0,3.2621930695719197e-17
1305.0,1.0527458421882121e-17
1306.0,1.098570747081161e-16
1307.0,-5.482506657749926e-18
1308.0,-9.775774288601716e-17
1309.0,-7.36331586465925e-18
1310.0,3.0606976502581863e-16
1311.0,4.5967121825636394e-18
1312.0,8.144428152631173e-18
1313.0,1.6401873087558624e-20
1314.0,9.607247358931693e-19
1315.0,-7.254033528714871e-17
1316.0,-2.286456600658202e-18
1317.0,-1.4028052678078662e-17
1318.0,1.1106770520917383e-18
1319.0,2.2054072646269662e-16
1320.0,5.782446910661159e-16
1324.0,1.8740268919002655e-16
1327.0,5.03510559266403e-16
1330.0,-4.656457764218512e-16
1350.0,-3.091480789022787e-16
1356.0,-5.765442316297361e-16
1370.0,1.0710740927241106e-19
1380.0,-2.7797320038028124e-15
1384.0,6.123882730700735e-17
1386.0,2.771409411737865e-16
1388.0,-2.825116770729082e-15
1389.0,7.503682654527131e-16
1391.0,-5.370683102773663e-16
1392.0,4.1244751723650614e-20
1393.0,-6.340801472230777e-16
1394.0,1.0211718523912015e-15
1399.0,-4.5753272123413e-21
1407.0,-3.664748050102277e-17
1411.0,9.546582873115267e-16
1420.0,-1.4551605846255064e-19
1421.0,7.253107977621663e-20
1422.0,-7.253107977621663e-20
1423.0,-8.18707033359888e-16
1426.0,-9.561406833998186e-16
1428.0,2.1804713823876725e-19
1432.0,2.5596114750298827e-16
1446.0,-1.5448489974527895e-17
1453.0,2.863466012168501e-16
1454.0,1.4596995737266805e-19
1458.0,-6.823257626101401e-17
1469.0,-4.538989101173969e-22
1470.0,-4.538989101173969e-22
1471.0,-1.5092138761403445e-20
1472.0,-4.538989101173969e-22
1473.0,4.538989101173969e-22
1474.0,4.538989101173969e-22
1476.0,1.5961012215277185e-16
1477.0,-4.538989101173969e-22
1480.0,4.538989101173969e-22
1481.0,-4.538989101173969e-22
1484.0,-4.538989101173969e-22
1485.0,4.538989101173969e-22
1486.0,-2.8368681882337306e-20
1487.0,4.538989101173969e-22
1488.0,-9.87612609939751e-25
1489.0,-4.538989101173969e-22
1490.0,-4.538989101173969e-22
1491.0,4.538989101173969e-22
1492.0,4.538989101173969e-22
1493.0,-4.538989101173969e-22
1494.0,-4.538989101173969e-22
1497.0,-4.538989101173969e-22
1498.0,-4.538989101173969e-22
1499.0,-4.538989101173969e-22
1500.0,-4.538989101173969e-22
1501.0,-4.538989101173969e-22
1502.0,-4.538989101173969e-22
1503.0,-4.538989101173969e-22
1506.0,-1.304959366587516e-20
1508.0,-6.695008924231604e-21
1509.0,9.87612609939845e-25
1510.0,4.538989101173969e-22
1512.0,4.538989101173969e-22
1513.0,4.538989101173969e-22
1514.0,2.5920611529725604e-16
1515.0,-3.3816681461473415e-16
1519.0,4.538989101173969e-22
1520.0,4.538989101173969e-22
1521.0,4.3120396461152706e-21
1522.0,4.538989101173969e-22
1523.0,4.538989101173969e-22
1536.0,7.742290273265246e-17
1537.0,7.742290273265246e-17
1538.0,7.742290273265246e-17
1539.0,7.742290273265246e-17
1540.0,7.742290273265246e-17
1541.0,7.742290273265246e-17
1542.0,7.742290273265246e-17
1543.0,7.742290273265246e-17
1544.0,7.734991874157874e-17
1546.0,7.734991874157874e-17
1547.0,7.734991874157874e-17
1548.0,7.591991178085797e-17
1549.0,7.591991178085797e-17
1550.0,7.591991178085797e-17
1551.0,7.591991178085797e-17
1575.0,-3.841810638270621e-16
1578.0,1.4551605846255064e-19
1579.0,1.4551605846255064e-19
1580.0,1.4551605846255064e-19
1581.0,1.4551605846255064e-19
1582.0,1.4551605846255064e-19
1587.0,-7.210739981222678e-20
1588.0,-7.210739981222678e-20
1589.0,-7.210739981222678e-20
1590.0,-7.210739981222678e-20
1591.0,-8.699544187827285e-20
1592.0,-8.699544187827285e-20
1593.0,-8.699544187827285e-20
1594.0,-8.699544187827285e-20
1595.0,-1.5952652165448734e-19
1596.0,-1.5952652165448734e-19
1597.0,-1.5952652165448734e-19
1598.0,-1.5952652165448734e-19
1599.0,-2.559169851050944e-16
1600.0,-2.559169851050944e-16
1601.0,-2.559169851050944e-16
1602.0,-2.559169851050944e-16
1603.0,1.4551605846255064e-19
1604.0,1.4551605846255064e-19
1605.0,1.4551605846255064e-19
1606.0,1.4551605846255064e-19
1607.0,7.253107977621663e-20
1608.0,7.253107977621663e-20
1609.0,7.253107977621663e-20
1610.0,7.253107977621663e-20
1611.0,1.4596995737266805e-19
1612.0,1.4596995737266805e-19
1613.0,1.4596995737266805e-19
1614.0,1.4596995737266805e-19
1618.0,-1.4458866173219528e-15
1627.0,7.298497868633402e-20
1628.0,7.298497868633402e-20
1629.0,7.298497868633402e-20
1630.0,7.298497868633402e-20
1634.0,7.253107977621663e-20
1635.0,7.253107977621663e-20
1636.0,7.253107977621663e-20
1637.0,7.253107977621663e-20
1638.0,7.253107977621663e-20
1643.0,-7.298497868633402e-20
1644.0,-7.298497868633402e-20
1648.0,7.298497868633402e-20
1655.0,7.298497868633402e-20
1658.0,7.298497868633402e-20
1664.0,7.298399107372265e-20
1665.0,1.430006960720771e-18
1667.0,3.841810638270621e-16
1669.0,1.4551605846255064e-19
1674.0,1.044010877707932e-17
1675.0,3.664748050102277e-17
1676.0,-4.708758927810209e-17
1678.0,4.708758927810209e-17
1679.0,4.708758927810209e-17
1684.0,-3.664748050102277e-17
1685.0,-8.896237235952472e-17
1686.0,3.664748050102277e-17
1687.0,-8.896237235952472e-17
1688.0,4.1414895751292425e-18
1690.0,2.088021755415864e-17
1691.0,2.088021755415864e-17
1692.0,1.044010877707932e-17
1696.0,-1.044010877707932e-17
1698.0,2.088021755415864e-17
1699.0,2.088021755415864e-17
1700.0,1.044010877707932e-17
1701.0,1.044010877707932e-17
1702.0,1.044010877707932e-17
1703.0,1.044010877707932e-17
1722.0,9.44141817192226e-16
1724.0,7.253107977621663e-20
1725.0,7.253107977621663e-20
1726.0,7.253107977621663e-20
1729.0,7.253107977621663e-20
1730.0,7.253107977621663e-20
1731.0,7.253107977621663e-20
1740.0,7.253107977621663e-20
1745.0,7.298497868633402e-20
1746.0,7.298497868633402e-20
1747.0,7.298497868633402e-20
1748.0,7.298497868633402e-20
1750.0,3.1320326331237956e-17
1751.0,1.044010877707932e-17
1752.0,-1.044010877707932e-17
1753.0,3.1320326331237956e-17
1754.0,1.044010877707932e-17
1755.0,2.088021755415864e-17
1757.0,1.044010877707932e-17
1758.0,1.044010877707932e-17
1765.0,1.044010877707932e-17
1766.0,1.044010877707932e-17
1767.0,1.044010877707932e-17
1768.0,-1.044010877707932e-17
1769.0,1.044010877707932e-17
1770.0,-1.044010877707932e-17
1786.0,-1.044010877707932e-17
1787.0,-1.044010877707932e-17
1798.0,-9.674836477579376e-17
1803.0,9.73827390642971e-17
1817.0,7.298497868633402e-20
1818.0,7.298497868633402e-20
1819.0,7.298497868633402e-20
1820.0,7.298497868633402e-20
1841.0,-1.2350583899360797e-15
1842.0,-1.2350583899360797e-15
1843.0,-1.2350583899360797e-15
1844.0,1.2350583899360797e-15
1845.0,-1.2350583899360797e-15
1846.0,-1.2350583899360797e-15
1847.0,-1.2350583899360797e-15
1861.0,1.044010877707932e-17
1862.0,1.044010877707932e-17
1865.0,1.044010877707932e-17
1866.0,1.044010877707932e-17
1869.0,1.044010877707932e-17
1872.0,1.044010877707932e-17
1873.0,1.044010877707932e-17
1878.0,7.771561172376096e-16
1879.0,7.771561172376096e-16
1888.0,1.719258685149597e-17
1899.0,1.4736267381632217e-17
1901.0,1.044010877707932e-17
1902.0,1.4736267381632217e-17
1904.0,1.044010877707932e-17
1905.0,1.4736267381632217e-17
1907.0,1.044010877707932e-17
1912.0,-1.3803283786882164e-16
1914.0,1.3803283786882164e-16
1916.0,-1.3803283786882164e-16
1919.0,-7.065037273635938e-18
1920.0,-1.3803283786882164e-16
1923.0,7.065037273635938e-18
1924.0,1.044010877707932e-17
1928.0,1.1102230246251565e-16
1931.0,4.176043510831728e-17
1932.0,-5.082121747656231e-17
1933.0,1.044010877707932e-17
1936.0,3.1320326331237956e-17
1939.0,5.082121747656231e-17
1940.0,1.044010877707932e-17
1942.0,-1.044010877707932e-17
1943.0,1.044010877707932e-17
1944.0,4.038110869948299e-17
1945.0,1.044010877707932e-17
1946.0,1.044010877707932e-17
1947.0,1.044010877707932e-17
1948.0,1.044010877707932e-17
1949.0,1.044010877707932e-17
1952.0,5.33890952664011e-16
1953.0,5.33890952664011e-16
1957.0,1.044010877707932e-17
1958.0,1.044010877707932e-17
1959.0,1.044010877707932e-17
1960.0,1.044010877707932e-17
1962.0,-6.126132625364163e-17
1969.0,1.044010877707932e-17
1970.0,-1.044010877707932e-17
1971.0,-1.044010877707932e-17
1974.0,1.044010877707932e-17
1975.0,-7.065037273635938e-18
1976.0,-7.065037273635938e-18
1977.0,1.044010877707932e-17
1979.0,-0.965989978020352
1980.0,0.9659899780203528
1981.0,-6.126132625364163e-17
1983.0,-8.067994030510508e-16
1997.0,-6.126132625364163e-17
1998.0,1.044010877707932e-17
2001.0,-1.044010877707932e-17
2002.0,-3.998678348057395e-31
2005.0,-3.998678348057395e-31
2008.0,3.998678348057395e-31
2013.0,-1.0720931552158678e-17
2017.0,1.044010877707932e-17
2018.0,1.044010877707932e-17
2019.0,1.044010877707932e-17
2020.0,2.088021755415864e-17
2021.0,-1.044010877707932e-17
2022.0,-3.1320326331237956e-17
2023.0,-1.044010877707932e-17
2024.0,1.044010877707932e-17
2025.0,-1.044010877707932e-17
2026.0,-3.1320326331237956e-17
2027.0,1.044010877707932e-17
2028.0,-1.044010877707932e-17
2031.0,2.088021755415864e-17
2032.0,-3.1320326331237956e-17
2033.0,-2.088021755415864e-17
2034.0,-3.1320326331237956e-17
2035.0,-2.088021755415864e-17
2036.0,-3.1320326331237956e-17
2038.0,-3.1320326331237956e-17
2040.0,-3.1320326331237956e-17
2044.0,1.044010877707932e-17
2045.0,1.044010877707932e-17
2047.0,-1.044010877707932e-17
2048.0,-1.044010877707932e-17
2051.0,-1.044010877707932e-17
2052.0,-1.044010877707932e-17
2054.0,-1.044010877707932e-17
2055.0,-1.044010877707932e-17
2056.0,1.044010877707932e-17
2057.0,1.044010877707932e-17
2058.0,-1.044010877707932e-17
2059.0,1.044010877707932e-17
2060.0,-1.044010877707932e-17
2061.0,1.044010877707932e-17
2062.0,-1.044010877707932e-17
2063.0,1.044010877707932e-17
2064.0,-1.044010877707932e-17
2065.0,1.044010877707932e-17
2066.0,-1.044010877707932e-17
2068.0,8.169586890530512e-16
2069.0,-8.172395118281302e-16
2072.0,-8.172395118281302e-16
2074.0,-1.0720931552158277e-17
2076.0,-1.0720931552158277e-17
2078.0,-1.0720931552158277e-17
2079.0,-1.0720931552158277e-17
2080.0,-1.0720931552158277e-17
2084.0,-1.0720931552158678e-17
2086.0,1.0720931552158678e-17
2100.0,-1.0720931552158277e-17
2101.0,8.172395118281302e-16
2102.0,1.044010877707932e-17
2104.0,1.044010877707932e-17
2106.0,1.044010877707932e-17
2108.0,1.044010877707932e-17
2110.0,1.044010877707932e-17
2113.0,-8.169586890530512e-16
2128.0,1.044010877707932e-17
2129.0,1.044010877707932e-17
2130.0,-1.044010877707932e-17
2132.0,1.044010877707932e-17
2133.0,1.044010877707932e-17
2137.0,-3.231627590120934e-16
2138.0,-1.044010877707932e-17
2139.0,-6.035288425667782e-17
2140.0,-1.044010877707932e-17
2142.0,1.044010877707932e-17
2143.0,1.044010877707932e-17
2144.0,2.088021755415864e-17
2145.0,8.171411198616272e-17
2149.0,1.0720931552158678e-17
2151.0,-7.298399107372265e-20
2152.0,-9.547312722902129e-16
2154.0,-7.298497868633402e-20
2159.0,3.279207238124509e-20
2166.0,2.335437252847552e-16
2169.0,-2.1804713823876725e-19
2186.0,1.8144187053762878e-17
2200.0,-3.1518993112887732e-18
2201.0,-2.4397066418810082e-20
2202.0,2.882812289696294e-16
2209.0,-7.298497868633402e-20
2216.0,-6.71491789740435e-16
2218.0,9.876126099404092e-25
2223.0,-7.298497868633402e-20
2224.0,7.298497868633402e-20
2226.0,-2.6358210174525026e-17
2229.0,-4.538989101173969e-22
2230.0,-4.538989101173969e-22
2232.0,-2.910321169251013e-19
2236.0,-4.538989101173969e-22
2238.0,4.538989101173969e-22
2240.0,-2.882258079245471e-20
2241.0,-8.775788741050725e-22
2247.0,-4.538989101173969e-22
2248.0,-4.538989101173969e-22
2251.0,1.100870455682474e-18
2257.0,-7.298497868633402e-20
2260.0,3.372457510416917e-16
2264.0,-1.4596995737266805e-19
2267.0,-4.538989101173969e-22
2269.0,-1.248020210854461e-15
2281.0,-4.529112975074565e-22
2282.0,4.529112975074565e-22
2289.0,-4.538989101173969e-22
2290.0,-4.538989101173969e-22
2291.0,7.253107977621663e-20
2292.0,7.253107977621663e-20
2294.0,-7.298497868633402e-20
2297.0,-7.253107977621663e-20
2298.0,-7.253107977621663e-20
2309.0,2.905782180149839e-19
2311.0,-2.8368681882337306e-20
2312.0,2.8368681882337306e-20
2315.0,-0.9813542204334382
2316.0,-3.286743634518445e-16
2320.0,-4.538989101173969e-22
2324.0,4.538989101173969e-22
2325.0,2.8368681882337306e-20
2326.0,2.8368681882337306e-20
2329.0,-4.538989101173969e-22
2330.0,-4.538989101173969e-22
2331.0,4.538989101173969e-22
2332.0,-4.538989101173969e-22
2333.0,4.538989101173969e-22
2334.0,-4.538989101173969e-22
2345.0,3.372553963935317e-16
2346.0,-3.372553963935317e-16
2348.0,-1.100870455682474e-18
2355.0,4.538989101173969e-22
2356.0,-4.538989101173969e-22
2357.0,4.538989101173969e-22
2358.0,-4.538989101173969e-22
2359.0,-3.3731487787964203e-16
2360.0,3.3731487787964203e-16
2361.0,3.493863885510797e-16
2362.0,-3.493863885510797e-16
2365.0,-0.9813542204334387
2372.0,-4.3120396461152706e-21
2373.0,1.4596995737266805e-19
2374.0,1.4596995737266805e-19
2375.0,4.538989101173969e-22
2376.0,-4.538989101173969e-22
2377.0,4.538989101173969e-22
2378.0,-4.538989101173969e-22
2381.0,2.4349077942450437e-16
2382.0,-2.4349077942450437e-16
2387.0,1.226379019925005e-15
2388.0,-1.226379019925005e-15
2390.0,6.71491789740435e-16
2392.0,2.8535513257181115e-16
2395.0,4.538989101173969e-22
2396.0,-4.538989101173969e-22
2400.0,-1.5092138761403445e-20
2402.0,4.538989101173969e-22
2403.0,4.538989101173969e-22
2404.0,4.538989101173969e-22
2405.0,4.538989101173969e-22
2406.0,4.538989101173969e-22
2411.0,2.6430741254301243e-17
2412.0,4.538989101173969e-22
2417.0,4.538989101173969e-22
2418.0,4.538989101173969e-22
2419.0,4.538989101173969e-22
2420.0,4.538989101173969e-22
2423.0,4.538989101173969e-22
2424.0,4.538989101173969e-22
2425.0,2.8368681882337306e-20
2426.0,-2.8368681882337306e-20
2429.0,-4.538989101173969e-22
2430.0,-4.538989101173969e-22
2431.0,4.538989101173969e-22
2432.0,4.538989101173969e-22
2433.0,-4.538989101173969e-22
2434.0,-4.538989101173969e-22
2435.0,4.538989101173969e-22
2436.0,-4.538989101173969e-22
2437.0,4.538989101173969e-22
2438.0,-4.538989101173969e-22
2439.0,8.775788741050725e-22
2440.0,8.775788741050725e-22
2441.0,4.538989101173969e-22
2442.0,4.538989101173969e-22
2443.0,4.538989101173969e-22
2444.0,4.538989101173969e-22
2445.0,-4.538989101173969e-22
2446.0,4.538989101173969e-22
2447.0,-4.538989101173969e-22
2448.0,4.538989101173969e-22
2453.0,4.538989101173969e-22
2454.0,4.538989101173969e-22
2455.0,4.538989101173969e-22
2456.0,4.538989101173969e-22
2459.0,-3.372553963935317e-16
2460.0,3.372553963935317e-16
2469.0,-4.538989101173969e-22
2470.0,4.538989101173969e-22
2471.0,-4.538989101173969e-22
2472.0,4.538989101173969e-22
2473.0,3.372418929009557e-16
2474.0,-3.372418929009557e-16
2475.0,-4.538989101173969e-22
2476.0,4.538989101173969e-22
2481.0,3.372457510416917e-16
2482.0,-3.372457510416917e-16
2487.0,-4.3120396461152706e-21
2488.0,4.3120396461152706e-21
2491.0,-4.538989101173969e-22
2492.0,4.538989101173969e-22
2493.0,-4.538989101173969e-22
2494.0,4.538989101173969e-22
2495.0,7.298497868633402e-20
2496.0,7.298497868633402e-20
2497.0,-4.538989101173969e-22
2501.0,-4.538989101173969e-22
2502.0,-4.538989101173969e-22
2503.0,4.538989101173969e-22
2504.0,4.538989101173969e-22
2505.0,4.538989101173969e-22
2506.0,-4.538989101173969e-22
2507.0,4.538989101173969e-22
2508.0,4.538989101173969e-22
2509.0,-4.538989101173969e-22
2510.0,-4.538989101173969e-22
2511.0,-4.538989101173969e-22
2512.0,4.538989101173969e-22
2514.0,-4.538989101173969e-22
2515.0,4.538989101173969e-22
2516.0,-4.538989101173969e-22
2517.0,-4.538989101173969e-22
2518.0,4.538989101173969e-22
2519.0,-4.538989101173969e-22
2520.0,-4.538989101173969e-22
2521.0,4.538989101173969e-22
2530.0,5.327260208411182e-17
2532.0,-2.882151885508628e-16
2533.0,3.5589866946887953e-17
2534.0,3.283266316336919e-17
2538.0,3.5589866946887953e-17
2539.0,3.283266316336919e-17
2544.0,-9.455930253729654e-16
2545.0,7.445317032104773e-16
2594.0,-7.211868412828204e-16
2595.0,-1.8376244655193583e-17
2596.0,-1.8376244655193583e-17
2597.0,-1.8376244655193583e-17
2598.0,-1.8376244655193583e-17
2599.0,-1.8376244655193583e-17
2600.0,-1.8376244655193583e-17
2601.0,-1.8376244655193583e-17
2602.0,-1.8376244655193583e-17
2603.0,-1.8376244655193583e-17
2604.0,-1.8376244655193583e-17
2605.0,-1.8376244655193583e-17
2606.0,-1.8376244655193583e-17
2607.0,-1.8376244655193583e-17
2608.0,-1.8376244655193583e-17
2609.0,-1.8376244655193583e-17
2610.0,-1.8376244655193583e-17
2625.0,3.411129669283892e-16
2626.0,3.411129669283892e-16
2627.0,3.411129669283892e-16
2636.0,5.765481008048355e-16
2637.0,-5.765481008048355e-16
2656.0,1.248020210854461e-15
2684.0,4.538989101173969e-22
2685.0,-1.2429395687494976e-19
2686.0,-1.2429395687494976e-19
2687.0,-1.2429395687494976e-19
2714.0,3.286743634518445e-16
2717.0,4.538989101173969e-22
2718.0,4.538989101173969e-22
2719.0,4.538989101173969e-22
2722.0,4.3120396461152706e-21
2723.0,-1.4596995737266805e-19
2724.0,4.538989101173969e-22
2725.0,4.538989101173969e-22
2731.0,3.750784818305064e-16
2732.0,4.538989101173969e-22
2733.0,4.538989101173969e-22
2734.0,-3.3731487787964203e-16
2773.0,-2.8368681882337306e-20
2774.0,-2.8368681882337306e-20
2775.0,-2.8368681882337306e-20
2776.0,-2.8368681882337306e-20
2783.0,-4.538989101173969e-22
2784.0,-4.538989101173969e-22
2796.0,3.411129669283892e-16
2797.0,3.411129669283892e-16
2810.0,7.253107977621663e-20
2811.0,7.253107977621663e-20
2812.0,7.253107977621663e-20
2813.0,7.253107977621663e-20
2838.0,-3.1320326331237956e-17
2839.0,-3.1320326331237956e-17
2840.0,-3.1320326331237956e-17
2841.0,-3.1320326331237956e-17
2842.0,-3.1320326331237956e-17
2843.0,-3.1320326331237956e-17
2844.0,-3.1320326331237956e-17
2845.0,-3.1320326331237956e-17
2846.0,-3.1320326331237956e-17
2847.0,-3.1320326331237956e-17
2865.0,-2.4349077942450437e-16
2866.0,-2.4349077942450437e-16
2867.0,-2.4349077942450437e-16
2868.0,-2.4349077942450437e-16
2869.0,-2.4349077942450437e-16
2870.0,-2.4349077942450437e-16
2871.0,-2.4349077942450437e-16
2872.0,-2.4349077942450437e-16
2875.0,3.3667056649130042e-18
2876.0,0.9659899780203534
2877.0,3.3667056649130042e-18
2878.0,3.3667056649130042e-18
2883.0,-4.796773078130725e-16
2884.0,-4.796773078130725e-16
2885.0,-4.796773078130725e-16
2886.0,-4.796773078130725e-16
2924.0,8.13781113208522e-17
2941.0,-1.3270041110109865e-16
2946.0,1.48438698017526e-16
2950.0,1.3270041110109865e-16
2955.0,-6.621017060927483e-16
2976.0,-1.3740480669467626e-15
2979.0,-1.3740480669467626e-15
2998.0,2.771409411737865e-16
3002.0,-2.86028810768834e-16
3003.0,2.86028810768834e-16
3029.0,2.639745132085189e-16
3030.0,2.639745132085189e-16
3031.0,2.639745132085189e-16
3032.0,2.639745132085189e-16
3033.0,2.639745132085189e-16
3034.0,2.639745132085189e-16
3035.0,2.639745132085189e-16
3036.0,2.639745132085189e-16
3037.0,2.639745132085189e-16
3038.0,2.639745132085189e-16
3039.0,2.639745132085189e-16
3040.0,2.639745132085189e-16
3041.0,2.639745132085189e-16
3045.0,9.353952588535733e-16
3053.0,6.582543176797868e-16
3058.0,-1.3740480669467626e-15
3059.0,-1.3740480669467626e-15
3060.0,-1.3740480669467626e-15
3061.0,-2.671344990563909e-16
3064.0,-2.671344990563909e-16
3065.0,-8.896237235952472e-17
3066.0,8.896237235952472e-17
3067.0,-8.896237235952472e-17
3069.0,-7.058397448343222e-16
3070.0,-8.896237235952472e-17
3071.0,-8.896237235952472e-17
3074.0,-8.896237235952472e-17
3075.0,-8.896237235952472e-17
3076.0,-8.896237235952472e-17
3079.0,-1.7792474471904943e-16
3081.0,-8.896237235952472e-17
3085.0,-8.896237235952472e-17
3087.0,8.896237235952472e-17
3088.0,8.896237235952472e-17
3089.0,-4.448118617976236e-16
3091.0,8.896237235952472e-17
3092.0,8.896237235952472e-17
3093.0,8.896237235952472e-17
3101.0,8.896237235952472e-17
3102.0,-8.896237235952472e-17
3104.0,6.168773724747975e-16
3105.0,-6.168773724747975e-16
3107.0,-8.896237235952472e-17
3108.0,-4.389526277557481e-16
3109.0,-8.896237235952472e-17
3110.0,8.920975433734148e-17
3111.0,-8.920975433734148e-17
3113.0,-8.896237235952472e-17
3114.0,-8.896237235952472e-17
3115.0,-8.896237235952472e-17
3117.0,-8.896237235952472e-17
3118.0,-8.896237235952472e-17
3119.0,4.448118617976236e-16
3123.0,-3.841080788483758e-16
3158.0,1.543895809741543e-17
3159.0,9.24004422662748e-17
3195.0,9.240327913446303e-17
3200.0,-4.538989101173969e-22
3202.0,-4.529112975074571e-22
3223.0,-4.52911297507457e-22
3228.0,-4.538989101173969e-22
3229.0,-4.538989101173969e-22
3230.0,-1.4528891845601418e-16
3231.0,9.210635730424545e-19
3240.0,-4.538989101173969e-22
3254.0,-1.6998514183896513e-19
3259.0,-4.538989101173969e-22
3261.0,-4.529112975074571e-22
3282.0,-4.52911297507457e-22
3287.0,-4.538989101173969e-22
3288.0,-4.538989101173969e-22
3289.0,-1.4528891845601418e-16
3290.0,9.210635730424545e-19
3299.0,-4.538989101173969e-22
3308.0,-9.674827146488567e-17
3309.0,-9.674827146488567e-17
3311.0,9.674827146488567e-17
3318.0,-9.674827146488567e-17
3323.0,-9.674827146488567e-17
3324.0,-9.674827146488567e-17
3373.0,7.020545292705974e-16
3376.0,-9.674827146488567e-17
3390.0,-9.674827146488567e-17
3398.0,1.1347472752934922e-18
3399.0,5.764303771017257e-20
3400.0,5.764303771017257e-20
3401.0,1.3834329050441414e-18
3402.0,5.764303771017257e-20
3403.0,5.764303771017257e-20
3404.0,5.764303771017257e-20
3405.0,5.764303771017257e-20
3406.0,6.917164525220707e-17
3408.0,1.3200255635629518e-17
3409.0,5.764303771017257e-20
3410.0,5.764303771017257e-20
3411.0,5.764303771017257e-20
3412.0,2.2134926480706263e-17
3413.0,5.764303771017257e-20
3414.0,1.2508539183107446e-17
3415.0,2.4359947736318923e-16
3416.0,5.764303771017257e-20
3417.0,5.764303771017257e-20
3418.0,5.764303771017257e-20
3419.0,5.764303771017257e-20
3420.0,5.764303771017257e-20
3421.0,5.764303771017257e-20
3422.0,5.764303771017257e-20
3423.0,5.764303771017257e-20
3424.0,5.764303771017257e-20
3425.0,5.764303771017257e-20
3426.0,5.764303771017257e-20
3427.0,5.764303771017257e-20
3429.0,5.764303771017257e-20
3430.0,5.764303771017257e-20
3431.0,5.764303771017257e-20
3432.0,5.764303771017257e-20
3433.0,5.764303771017257e-20
3434.0,5.764303771017257e-20
3435.0,6.859521487510535e-18
3436.0,1.441075942754314e-18
3437.0,5.764303771017257e-20
3438.0,1.7292911313051768e-19
3439.0,1.0375746787831062e-18
3440.0,5.764303771017257e-20
3441.0,5.764303771017257e-20
3442.0,4.669086054523977e-18
3443.0,5.764303771017257e-20
3444.0,5.764303771017257e-20
3445.0,5.764303771017257e-20
3446.0,5.764303771017257e-20
3447.0,1.619769359655849e-16
3448.0,1.7292911313051769e-18
3449.0,1.325789867333969e-18
3450.0,3.003202264699991e-17
3451.0,1.844577206725522e-18
3452.0,5.764303771017257e-20
3453.0,5.764303771017257e-20
3454.0,9.22288603362761e-19
3455.0,5.764303771017257e-20
3456.0,5.764303771017257e-20
3457.0,5.764303771017257e-20
3459.0,5.327260208411182e-17
3460.0,5.327260208411182e-17
3461.0,-2.882151885508628e-16
3468.0,1.3005296001041898e-16
3469.0,-1.2560985286054748e-16
3471.0,4.690082051737315e-17
3472.0,5.764303771017256e-16
3473.0,-1.6507682782362505e-16
3490.0,5.764303771017256e-16
3492.0,-5.800060431710364e-19
3496.0,5.764303771017256e-16
3497.0,-8.414353915028636e-16
3498.0,8.414353915028636e-16
3499.0,-4.992888011291366e-18
3500.0,3.283266316336919e-17
3501.0,-3.283266316336919e-17
3502.0,-3.283266316336919e-17
3503.0,-1.5954575001098884e-17
3507.0,1.171059188102884e-17
3508.0,1.3492547813510514e-18
3509.0,1.9857111025519725e-17
3511.0,1.0178291228312935e-19
3514.0,7.020545292705974e-16
3523.0,-1.5954575001098884e-17
3536.0,-1.2560985286054748e-16
3538.0,-1.2560985286054748e-16
3541.0,1.044010877707932e-17
3542.0,-1.044010877707932e-17
3549.0,-1.171059188102884e-17
3551.0,2.882151885508628e-16
3552.0,-1.8194036605685403e-16
3573.0,1.809224183886381e-16
3575.0,1.809224183886381e-16
3580.0,1.0179476682159126e-18
3590.0,-1.441075942754314e-16
3594.0,-1.441075942754314e-16
3607.0,-6.77238551874781e-17
3621.0,-6.77238551874781e-17
3622.0,-6.77238551874781e-17
3630.0,-2.5279959138200213e-16
3631.0,-2.5279959138200213e-16
3632.0,-2.5279959138200213e-16
3638.0,1.8507573619452404e-16
3639.0,1.8507573619452404e-16
3650.0,7.020545292705974e-16
3652.0,-1.441075942754314e-16
3654.0,-1.0179476682159126e-18
3665.0,2.882151885508628e-16
3676.0,-2.5300318634405362e-17
3677.0,-2.5300318634405362e-17
3680.0,2.185110875951141e-17
3682.0,2.5300318634405362e-17
3686.0,2.185110875951141e-17
3705.0,1.044010877707932e-17
3706.0,1.044010877707932e-17
3708.0,-7.086196075798043e-20
3709.0,-7.086196075798043e-20
3710.0,2.1996121206036904e-17
3711.0,6.908545785935693e-19
3712.0,3.1320326331237956e-17
3713.0,-2.2066983166794884e-17
3714.0,-3.2507091943874204e-17
3726.0,-1.044010877707932e-17
3727.0,-1.224686700755115e-17
3728.0,5.039378565492476e-17
3729.0,-2.088021755415864e-17
3730.0,-1.044010877707932e-17
3731.0,-1.044010877707932e-17
3732.0,1.044010877707932e-17
3733.0,-1.044010877707932e-17
3734.0,-1.044010877707932e-17
3735.0,-1.044010877707932e-17
3737.0,-2.088021755415864e-17
3740.0,-1.044010877707932e-17
3741.0,-1.044010877707932e-17
3747.0,-1.2560985286054748e-16
3748.0,-1.2560985286054748e-16
3750.0,1.5488887572434048e-16
3751.0,1.5488887572434048e-16
3756.0,1.044010877707932e-17
3757.0,1.044010877707932e-17
3758.0,1.044010877707932e-17
3760.0,-1.044010877707932e-17
3761.0,-1.044010877707932e-17
3766.0,-1.044010877707932e-17
3767.0,1.044010877707932e-17
3768.0,1.044010877707932e-17
3773.0,1.044010877707932e-17
3779.0,8.123875821449555e-16
3780.0,8.123875821449555e-16
3781.0,8.123875821449555e-16
3784.0,1.2560985286054748e-16
3787.0,1.2560985286054748e-16
3792.0,-1.2560985286054748e-16
3818.0,-2.798897764328264e-16
3862.0,1.4512554194364733e-16
3899.0,-3.3647117012874906e-17
3900.0,-3.3647117012874906e-17
3901.0,-3.3647117012874906e-17
3902.0,-3.3647117012874906e-17
3903.0,-3.3647117012874906e-17
3904.0,-3.3647117012874906e-17
3916.0,3.3647117012874906e-17
3980.0,-7.247076212227684e-16
3981.0,-7.247076212227684e-16
3982.0,-7.247076212227684e-16
3983.0,-7.247076212227684e-16
3984.0,-2.20920954525113e-17
3985.0,-2.20920954525113e-17
3987.0,-2.20920954525113e-17
3989.0,-2.20920954525113e-17
4081.0,-7.777740080207688e-16
4082.0,-7.777740080207688e-16
4085.0,-7.777740080207688e-16
4088.0,-7.777740080207688e-16
4092.0,-7.777740080207688e-16
4096.0,4.880078068390939e-19
4103.0,-4.880078068390939e-19
4118.0,-4.371741848488441e-17
4119.0,4.371741848488441e-17
4121.0,-4.371741848488441e-17
4122.0,4.371741848488441e-17
4124.0,-4.371741848488441e-17
4133.0,-8.048424196744837e-16
4165.0,1.1208601945758143e-16
4166.0,-1.1208601945758143e-16
4167.0,1.1208601945758143e-16
4168.0,-7.777740080207688e-16
4169.0,-7.777740080207688e-16
4170.0,-7.777740080207688e-16
4172.0,-7.777740080207688e-16
4188.0,-1.2560985286054748e-16
4215.0,-6.290951610766182e-17
4216.0,-8.048424196744837e-16
4222.0,-1.0240389513225712e-15
4223.0,6.134860538952438e-17
4227.0,-5.426937783560479e-16
4229.0,3.067430269476219e-17
4239.0,-8.048424196744837e-16
4251.0,7.782620158276079e-16
4261.0,-0.041617319351283565
4263.0,0.041617319351283565
4270.0,8.13781113208522e-17
4271.0,0.6916867942385666
4281.0,1.4317330060842506e-16
4290.0,1.4317330060842506e-16
4325.0,3.3227638005928244e-17
4332.0,-1.8507573619452404e-16
4344.0,-5.765481008048355e-16
4350.0,1.0621717867587056e-15
4353.0,9.212222405073089e-18
4358.0,8.446356552147695e-16
4359.0,8.446356552147695e-16
4360.0,7.920014840628478e-17
4370.0,1.1607525314362279e-20
4373.0,-1.1607525314362279e-20
4382.0,5.660794248812481e-16
4383.0,-4.058179657075073e-17
4384.0,1.0606459441169222e-15
4386.0,-4.058179657075073e-17
4389.0,-1.8831215918178055e-15
4390.0,-1.8831215918178055e-15
4391.0,-1.8831215918178055e-15
4392.0,-1.2764603703658068e-15
4399.0,-4.058179657075073e-17
4422.0,2.8566541875020077e-16
4430.0,-6.786317788106084e-19
4437.0,-1.2560985286054748e-16
4440.0,-2.5951295260512892e-17
4446.0,-2.5951295260512892e-17
4456.0,6.786317788106084e-19
4462.0,2.8566541875020077e-16
4488.0,1.6073419766846392e-16
4489.0,-6.786317788106084e-19
4490.0,2.5340325380582073e-16
4492.0,-3.545165639534443e-17
4513.0,-7.797189242700266e-16
4514.0,-7.797189242700266e-16
4515.0,-1.2560985286054748e-16
4517.0,2.8885491020116515e-16
4518.0,2.8885491020116515e-16
4522.0,2.8885491020116515e-16
4523.0,2.8885491020116515e-16
4524.0,-6.133582912738228e-16
4528.0,-3.96830707550462e-16
4541.0,-3.96830707550462e-16
4553.0,3.545165639534443e-17
4589.0,-2.8885491020116515e-16
4599.0,1.9436288869878132e-16
4600.0,-4.930380657631324e-32
4605.0,-7.542212751676138e-17
4610.0,4.671197677383136e-16
4611.0,4.671197677383136e-16
4612.0,3.4470743217492655e-16
4616.0,-1.933353477236788e-19
4617.0,8.13781113208522e-17
4618.0,4.671197677383136e-16
4630.0,4.060042302197255e-18
4631.0,-5.800060431710364e-19
4638.0,-5.800060431710364e-19
4639.0,-5.800060431710364e-19
4640.0,-1.1600120863420728e-18
4644.0,5.800060431710364e-18
4647.0,-1.1600120863420728e-18
4649.0,-5.800060431710364e-19
4651.0,-5.800060431710364e-19
4652.0,-5.800060431710364e-19
4653.0,-5.800060431710364e-19
4654.0,-5.800060431710364e-19
4655.0,-5.800060431710364e-19
4656.0,5.800060431710364e-19
4659.0,-9.860102733908282e-18
4661.0,-5.800060431710364e-19
4662.0,-5.800060431710364e-19
4665.0,-5.800060431710364e-19
4666.0,-5.800060431710364e-19
4670.0,5.800060431710364e-19
4674.0,-5.800060431710364e-19
4675.0,-5.800060431710364e-19
4676.0,-6.641213502455396e-31
4677.0,1.044010877707932e-17
4678.0,1.1600120863427369e-18
4679.0,-5.800060431710364e-19
4684.0,-5.800060431710364e-19
4685.0,5.800060431710364e-19
4686.0,5.800060431710364e-19
4687.0,-5.800060431710364e-19
4688.0,-5.800060431710364e-19
4693.0,-5.800060431710364e-19
4694.0,-5.800060431710364e-19
4695.0,-5.800060431710364e-19
4696.0,-5.800060431710364e-19
4699.0,-5.800060431710364e-19
4701.0,5.800060431710364e-19
4704.0,-5.800060431713684e-19
4707.0,5.800060431710364e-19
4713.0,1.2214590934397165
4714.0,1.2214590934397165
4720.0,-2.8885491020116515e-16
4721.0,-1.2560985286054748e-16
4722.0,-1.2560985286054748e-16
4725.0,-4.07410813712291e-16
4726.0,-6.280492643027374e-17
4800.0,-1.3188173955906577e-16
4809.0,-1.3188173955906577e-16
4819.0,-1.3188173955906577e-16
4820.0,-1.3188173955906577e-16
4821.0,-1.3188173955906577e-16
4822.0,-1.3188173955906577e-16
4823.0,-1.3188173955906577e-16
4832.0,-1.3188173955906577e-16
4834.0,1.3188173955906577e-16
4841.0,-2.6616635292299165e-17
4849.0,2.6616635292299165e-17
4850.0,2.6616635292299165e-17
4853.0,2.6616635292299165e-17
4855.0,2.6616635292299165e-17
4856.0,2.6616635292299165e-17
4859.0,2.6616635292299165e-17
4861.0,-2.6616635292299165e-17
4868.0,2.6616635292299165e-17
4871.0,-2.6616635292299165e-17
4873.0,2.6616635292299165e-17
4874.0,2.6616635292299165e-17
4877.0,2.6616635292299165e-17
4878.0,2.6616635292299165e-17
4887.0,2.6616635292299165e-17
4889.0,2.6616635292299165e-17
4890.0,2.6616635292299165e-17
4891.0,2.6616635292299165e-17
4892.0,2.6616635292299165e-17
4894.0,2.6616635292299165e-17
4896.0,2.6616635292299165e-17
4898.0,2.6616635292299165e-17
4901.0,2.6616635292299165e-17
4902.0,2.6616635292299165e-17
4903.0,2.6616635292299165e-17
4905.0,7.98499058768975e-17
4907.0,-1.7504168809671943e-17
4908.0,-6.234573706722555e-17
4911.0,2.6616635292299165e-17
4912.0,2.6616635292299165e-17
4913.0,2.6616635292299165e-17
4917.0,-1.7504168809671943e-17
4918.0,2.6616635292299165e-17
4919.0,4.4120804101971105e-17
4920.0,2.6616635292299165e-17
4924.0,5.323327058459833e-17
4926.0,2.6616635292299165e-17
4927.0,2.6616635292299165e-17
4928.0,5.323327058459833e-17
4929.0,2.6616635292299165e-17
4930.0,2.6616635292299165e-17
4931.0,-1.0646654116919666e-16
4932.0,-1.0646654116919666e-16
4933.0,-1.0646654116919666e-16
4938.0,1.3308317646149582e-17
4939.0,1.3308317646149582e-17
4947.0,2.6616635292299165e-17
4948.0,2.6616635292299165e-17
4966.0,-2.6616635292299165e-17
4967.0,2.6616635292299165e-17
4978.0,3.393158894053042e-19
5021.0,-2.3543794639051045e-17
5053.0,-6.41492038725356e-19
5054.0,8.414353915028636e-16
5092.0,-2.67844827304184e-16
5112.0,2.882151885508628e-16
5121.0,5.764303771017256e-16
5128.0,5.764303771017256e-16
5139.0,2.6010592002083795e-17
5140.0,-9.683176749171134e-20
5141.0,-5.202118400416759e-18
5142.0,4.5389891011739693e-20
5170.0,-1.430006960720771e-18
5172.0,7.298497868633402e-20
5189.0,-7.253107977621663e-20
5191.0,-7.253107977621663e-20
5197.0,2.335437252847552e-16
5210.0,-0.9793364874012405
5211.0,-0.9793364874012407
5237.0,1.8144187053762878e-17
5255.0,-1.4596995737266805e-19
5265.0,1.9515677956244172e-19
5268.0,0.6500694748872822
5282.0,7.298497868633402e-20
5287.0,5.764303771017256e-16
5289.0,-2.882151885508628e-16
5305.0,-4.383383128162701e-18
5311.0,2.036889775740324e-15
5318.0,8.896237235952472e-17
5348.0,-1.360499616376268e-16
5355.0,-0.4816792388731872
5361.0,5.282979799699042e-16
5366.0,1.2071599321872737e-15
5398.0,-4.109386802869514e-16
5406.0,0.16126415785322168
5409.0,-0.9513156714956957
5411.0,0.44626769293927965
5422.0,-3.058761014908352e-16
5428.0,4.4230175904782525e-16
5449.0,0.46096588931747184
5450.0,-0.8819594267159665
5468.0,-0.6983524418988403
5491.0,-0.3936818840503343
5515.0,0.8095567251891023
5516.0,-1.2216202713917532
5526.0,-0.559948496768553
5531.0,0.6976081606522739
5539.0,0.8691735436597956
5540.0,-0.0035658812076379
5550.0,0.5633154666749888
5560.0,-0.4261582868602367
5563.0,0.9146800949720172
5565.0,-0.34447139679460176
5578.0,-0.6867368865517642
5589.0,-0.9122850255947312
5603.0,-0.9673560248555122
5623.0,0.16435187862620926
5626.0,0.6001123913345828
5635.0,0.3468047006689743
5641.0,-0.8377936551755051
5643.0,0.14143475911704861
5651.0,1.3825137586478085
5652.0,-0.953816445760291
5657.0,0.2761867272951601
5662.0,-0.5453645440410928
5692.0,-0.2633015948138655
5696.0,0.331244330593931
5707.0,-0.8582881485221351
5718.0,0.7743222844790771
5736.0,0.07145705640927591
5748.0,-0.3719850579145758
5750.0,0.9094355187728945
5778.0,-0.7011827311267429
5786.0,-0.2526337146335481
5797.0,0.9295978542086364
5798.0,0.6044693989234742
5802.0,-0.685373557331423
5815.0,0.06000710288046253
5831.0,0.029488184693515246
5836.0,0.21376869741452004
5844.0,0.4218755567471194
5875.0,0.37467060373563466
5921.0,-0.06000710288046253
5927.0,-1.1813838736000541
5931.0,-0.13513385156764782
5938.0,-0.6654739429644477
5942.0,-0.1362821846827311
5946.0,0.587728278902637
5950.0,-0.8143519957875084
5984.0,-0.5695258775410748
5986.0,0.5479110417492109
5990.0,0.2618197386571648
5997.0,-0.33357820906133706
6004.0,0.13843725461322673
6031.0,0.9831219868224537
6033.0,1.1130963355672889e-17
6036.0,-3.6429015625005805e-17
6061.0,0.8318268394513659
6062.0,4.27901994957808e-18
6066.0,0.9831219868224537
6075.0,-0.9831219868224537
6076.0,0.9831219868224537
6077.0,-1.854775036954244e-17
6086.0,0.6579685767031048
6092.0,-0.7399697612501239
6093.0,-8.677519357821455e-16
6102.0,-0.6579685767031047
6116.0,0.6983524418988404
6126.0,0.6916867942385666
6127.0,7.093798039806261e-17
6134.0,-1.8547750369542445e-17
6145.0,0.6995858960543893
6161.0,-4.6538530046651527e-17
6162.0,5.697863882373085e-17
6168.0,-3.8430888454188405e-17
6240.0,-1.3496553709416723
6263.0,-2.5193209399630072e-17
6277.0,7.963592942739719e-16
6278.0,-2.628098747554156e-16
6291.0,-1.044010877707932e-17
6302.0,8.042148780390124e-17
6306.0,-0.6131826670128351
6313.0,-0.6131826670128351
6342.0,2.734781340365059e-16
6344.0,0.9074744131369098
6348.0,-0.492342064916104
6359.0,2.6616635292299165e-17
6360.0,2.6616635292299165e-17
6382.0,1.2560985286054748e-16
6391.0,8.397736466543358e-18
6403.0,-3.4800362590264396e-18
6415.0,-1.044010877707932e-17
6473.0,-6.11738297745323e-31
6474.0,-1.0865214904272667e-15
6501.0,3.3227638005928244e-17
6515.0,-5.4689544671415865e-18
6516.0,2.4349077942450437e-16
6531.0,3.9705939071961634e-33
6544.0,-0.8265172576435882
6550.0,5.800060431710364e-19
6552.0,-6.641213502455396e-31
6570.0,-3.6459696447610574e-18
6608.0,-1.2560985286054748e-16
6622.0,6.363562661523451e-16
6645.0,-3.0168851006704553e-16
6650.0,-0.018538328197670036
6660.0,5.419580539044964e-16
6686.0,4.334619244933984e-31
6692.0,-2.5279959138200213e-16
6702.0,-8.97983469199448e-17
6704.0,5.282979799699042e-16
6719.0,-7.536591171632848e-16
6723.0,2.311115933264683e-33
6729.0,8.67937001107471e-18
6740.0,-1.044010877707932e-17
6742.0,-8.065185802759718e-16
6746.0,4.7765181576822376e-17
6751.0,-1.044010877707932e-17
6754.0,-1.7792474471904943e-16
6756.0,-8.896237235952472e-17
6757.0,-1.7792474471904943e-16
6766.0,2.589970730882315e-16
6768.0,1.0853875567120957e-15
6772.0,-2.5340325380582073e-16
6773.0,2.5340325380582073e-16
6779.0,7.920014840628478e-17
6780.0,-1.0769204026039454e-19
6783.0,-4.058179657075073e-17
6785.0,7.536591171632848e-16
6788.0,4.671197677383136e-16
6789.0,-8.157144666857588e-17
6794.0,3.7864782844551766e-17
6798.0,2.252674720345783e-16
6814.0,4.334619244933984e-31
6816.0,4.334619244933984e-31
6818.0,-1.5670159152450414e-19
6821.0,1.5670159152450414e-19
6830.0,6.352063328695147e-16
6831.0,1.2709370541456784e-16
6832.0,1.49186824946001e-16
6834.0,8.290712313494249e-16
6835.0,6.432083788075905e-17
6837.0,-3.6509800750435433e-16
6841.0,-4.285073978027099e-17
6843.0,-2.0290898285375364e-16
6845.0,-1.2174538971225219e-16
6854.0,1.7032978965144066e-16
6859.0,-1.044010877707932e-17
6863.0,-6.714917897404345e-16
6876.0,-3.091480789022787e-16
6881.0,-3.091480789022787e-16
6885.0,-1.4286454550586184e-15
6886.0,-1.9753364592548053e-16
6889.0,9.06446894769172e-16
6899.0,9.16914063926691e-20
6900.0,-9.065385861755647e-16
6904.0,4.058179657075116e-17
6908.0,-5.110951812244212e-15
6912.0,3.5842690378286966e-17
6927.0,1.3188173955906577e-16
6929.0,-1.3188173955906577e-16
6931.0,-1.3188173955906577e-16
6941.0,3.3667056649130042e-18
6944.0,-3.5842690378286966e-17
6946.0,-3.555789943702968e-16
6959.0,1.49186824946001e-16
6986.0,-3.5842690378286966e-17
6991.0,1.7812519578592804e-16
6994.0,2.8885491020116515e-16
7014.0,-3.6423432388561625e-16
7028.0,-3.7864782844551766e-17
7032.0,-1.2560985286054748e-16
7039.0,-2.7797320038028124e-15
7045.0,-8.067994030510508e-16
7049.0,1.044010877707932e-17
7050.0,1.044010877707932e-17
7052.0,8.172395118281302e-16
7055.0,2.771409411737865e-16
7057.0,8.896237235952472e-17
7058.0,-8.896237235952472e-17
7060.0,9.731020798452089e-17
7061.0,-7.253107977621663e-20
7062.0,1.044010877707932e-17
7067.0,-3.493863885510797e-16
7075.0,-1.8376244655193583e-17
7081.0,5.419580539044964e-16
7082.0,-5.419580539044964e-16
7085.0,-4.729433338024345e-17
7089.0,-2.7797320038028124e-15
7095.0,2.7797320038028124e-15
7104.0,-1.1050849311191378e-16
7106.0,-5.765481008048355e-16
7113.0,-2.7797320038028124e-15
7117.0,-5.9164567891575885e-31
7124.0,7.536591171632848e-16
7125.0,-7.536591171632848e-16
7134.0,8.123875821449555e-16
7139.0,-8.123310181083647e-17
7141.0,1.044010877707932e-17
7144.0,1.3163068393404509e-20
7147.0,-1.0222799496828674e-15
7148.0,-1.0179476682159126e-18
7154.0,3.395167848320078e-16
7155.0,1.0179476682159126e-18
7170.0,7.284686477712325e-16
7176.0,-3.6423432388561625e-16
7180.0,1.2553484867888101e-16
7183.0,-1.044010877707932e-17
7184.0,1.044010877707932e-17
7187.0,3.6423432388561625e-16
7194.0,6.786317788106084e-19
7198.0,-6.786317788106084e-19
7208.0,-5.327260208411182e-17
7209.0,5.327260208411182e-17
7216.0,-7.020545292705974e-16
7217.0,1.441075942754314e-16
7218.0,-1.0179476682159126e-18
7223.0,-6.168773724747975e-16
7224.0,6.168773724747975e-16
7225.0,-8.920975433734148e-17
7226.0,4.0126946457033296e-16
7232.0,1.7643121129555097e-16
7238.0,1.3014804713389968e-17
7245.0,3.802395622478523e-17
7247.0,5.060619268596544e-17
7264.0,1.1106770520917383e-18
7265.0,7.247076212227684e-16
7269.0,4.79752311994739e-16
7286.0,3.944304526105059e-31
7287.0,-3.944304526105059e-31
7301.0,2.8885491020116515e-16
7303.0,-2.8885491020116515e-16
7304.0,-3.96830707550462e-16
7310.0,3.96830707550462e-16
7318.0,-7.020545292705974e-16
7332.0,-7.247076212227684e-16
7350.0,-2.449553092280294e-16
7388.0,3.405895163654446e-16
7402.0,2.4850965328927478e-20
7408.0,-3.841080788483758e-16
7416.0,1.9206512887240397e-16
7418.0,-1.2560985286054748e-16
7422.0,-2.5951295260512892e-17
7429.0,-1.1835786653288227e-16
7436.0,7.583987741460064e-16
7471.0,-3.3227638005928244e-17
7485.0,-8.396693292984792e-16
7487.0,-1.2560985286054748e-16
7503.0,-8.97983469199448e-17
7511.0,-2.2454236679236023e-16
7518.0,9.200468212361845e-16
7520.0,-9.674827146488567e-17
7525.0,-3.1320326331237956e-17
7526.0,-1.044010877707932e-17
7527.0,-1.0720931552158277e-17
7528.0,-1.0720931552158678e-17
7529.0,-1.0720931552158277e-17
7531.0,-2.2686975784630473e-17
7533.0,3.2507091943874204e-17
7540.0,-9.289888231713224e-16
7541.0,3.5584948943809886e-16
7542.0,-8.896237235952472e-17
7543.0,-4.389526277557481e-16
7544.0,3.5584948943809886e-16
7545.0,1.044010877707932e-17
7546.0,-1.3163068393404509e-20
7550.0,-1.2560985286054748e-16
7551.0,8.13781113208522e-17
7559.0,6.788669006922385e-17
7566.0,3.500982933651351e-17
7573.0,-1.9366353498342268e-19
7581.0,1.429930832428232e-20
7582.0,-1.9349654292977134e-16
7591.0,1.3188173955906577e-16
7594.0,3.4800362590262185e-18
7605.0,-2.465190328815662e-32
7606.0,-1.655742733016733e-30
7607.0,-2.267975102510409e-30
7608.0,2.3689916327262885e-31
7610.0,3.0814879110195774e-33
7630.0,9.674827146488567e-17
7639.0,1.171059188102884e-17
7640.0,1.044010877707932e-17
7642.0,6.123882730700735e-17
7647.0,2.900030215855846e-18
7650.0,-1.044010877707932e-17
7653.0,1.044010877707932e-17
7654.0,7.058397448343222e-16
7655.0,-1.044010877707932e-17
7661.0,6.900253615342819e-17
7664.0,-5.082121747656231e-17
7672.0,-1.171059188102884e-17
7679.0,-2.6616635292299165e-17
7721.0,8.647403955709061e-16
7731.0,-2.453433165095291e-15
7735.0,-4.334619244933984e-31
7737.0,2.8418664228836016e-16
7789.0,4.4230175904782525e-16
7792.0,3.6429015625005805e-17
7795.0,-2.036889775740324e-15
7796.0,-5.282979799699042e-16
7804.0,1.8831215918178055e-15
7822.0,-2.628098747554156e-16
7829.0,1.2560985286054748e-16
7835.0,-6.133582912738228e-16
7836.0,6.133582912738228e-16
7840.0,-6.641213502455396e-31
7846.0,1.1130963355672889e-17
7847.0,-6.11738297745323e-31
7848.0,-1.0865214904272667e-15
7864.0,2.8885491020116515e-16
7889.0,-3.6429015625005805e-17
7905.0,5.800060431710364e-19
7916.0,-2.6494526520322665e-16
7936.0,2.4349077942450437e-16
7963.0,3.3227638005928244e-17
7968.0,-9.812673521194296e-17
7970.0,-5.419580539044964e-16
7982.0,1.2071599321872737e-15
7991.0,-4.109386802869514e-16
7994.0,7.963592942739719e-16
7995.0,3.231627590120934e-16
7996.0,-1.0440108777079323e-17
8018.0,1.2553484867888101e-16
8023.0,1.2560985286054748e-16
8067.0,1.6084297560780249e-16
8102.0,8.896237235952472e-17
8106.0,-2.5279959138200213e-16
8115.0,-8.97983469199448e-17
8116.0,5.282979799699042e-16
8131.0,-5.327260208411182e-17
8133.0,-5.800060431710364e-19
8135.0,-1.3188173955906577e-16
8136.0,2.6616635292299165e-17
8137.0,1.044010877707932e-17
8138.0,-8.896237235952472e-17
8139.0,-1.2560985286054748e-16
8141.0,4.873380516935563e-16
8143.0,-0.9659899780203534
8150.0,3.3667056649130042e-18
8155.0,-2.8885491020116515e-16
8159.0,-2.8535513257181115e-16
8161.0,1.4599999418775472e-15
8165.0,7.445317032104773e-16
8169.0,1.8245683116592966e-15
8178.0,4.538989101173969e-22
8182.0,-1.319646185182262e-16
8184.0,1.8507573619452404e-16
8185.0,-7.777740080207688e-16
8186.0,-1.4599999418775472e-15
8189.0,-0.4816792388731872
8211.0,-2.905782180149839e-19
8216.0,-3.050602382649216e-16
8218.0,1.3270041110109865e-16
8220.0,-3.050602382649216e-16
8228.0,-1.832501153484553e-15
8229.0,-9.455930253729654e-16
8231.0,-8.496660503635146e-20
8234.0,3.3667056649130042e-18
8235.0,3.3667056649130042e-18
8236.0,3.3667056649130042e-18
8239.0,0.8265172576435882
8241.0,1.248020210854461e-15
8245.0,4.3120396461152706e-21
8247.0,2.6177700309210588e-18
8249.0,-2.335437252847552e-16
8251.0,-1.4456676623858937e-15
8253.0,1.4458866173219528e-15
8255.0,3.3689225232289567e-16
8260.0,3.9446738991685794e-17
8262.0,-3.1320326331237956e-17
8266.0,8.137811132085218e-17
8267.0,-0.9813542204334387
8268.0,9.23803137245955e-17
8274.0,2.771409411737865e-16
8279.0,1.100870455682474e-18
8282.0,0.9813542204334386
8296.0,-7.298497868633402e-20
8321.0,1.9515677956244172e-19
8353.0,-9.563160018538514e-16
8367.0,-7.298497868633402e-20
8372.0,-1.1315884170550131e-16
8376.0,1.2474785578506717e-19
8377.0,1.15384391641597e-16
8379.0,-3.493863885510797e-16
8380.0,4.538989101173969e-22
8383.0,1.2350583899360797e-15
8384.0,3.383562668492142e-16
8386.0,4.538989101173969e-22
8387.0,-1.4596995737266805e-19
8390.0,1.100870455682474e-18
8396.0,-8.808735790252866e-19
8401.0,-7.445317032104773e-16
8402.0,9.455930253729654e-16
8403.0,9.731020798452089e-17
8404.0,-7.253107977621663e-20
8410.0,-3.3323616479766306e-21
8414.0,3.8306662138770686e-16
8415.0,3.8306662138770686e-16
8416.0,1.3736840193521488e-16
8417.0,9.23803137245955e-17
8423.0,3.791993870730032e-16
8425.0,-2.121893099741981e-16
8433.0,-7.777740080207688e-16
8437.0,-4.861708481676499e-16
8444.0,9.23803137245955e-17
8445.0,2.185110875951141e-17
8446.0,-2.185110875951141e-17
8454.0,6.582543176797868e-16
8456.0,8.157144666857588e-17
8461.0,-7.777740080207688e-16
8466.0,-2.2501260265385046e-16
8468.0,9.23803137245955e-17
8470.0,-6.960046056592559e-17
8480.0,4.538989101173969e-22
8487.0,1.3270041110109865e-16
8489.0,-1.1600120863420728e-18
8490.0,1.1600120863420728e-18
8495.0,2.185110875951141e-17
8500.0,2.771409411737865e-16
8512.0,-8.841237081135787e-17
8518.0,-8.67937001107471e-18
8519.0,1.8376244655193583e-17
8532.0,-2.244470443275336e-18
8534.0,-6.71491789740435e-16
8538.0,-2.244470443275336e-18
8539.0,-1.2553484867888101e-16
8540.0,1.248020210854461e-15
8541.0,-2.882151885508628e-16
8542.0,-2.244470443275336e-18
8546.0,3.5907596010679466e-16
8547.0,1.2174538971225219e-16
8552.0,2.771409411737865e-16
8553.0,-2.744796363314578e-16
8558.0,-2.1438028926276666e-16
8561.0,-1.8245683116592966e-15
8571.0,-7.298497868633402e-20
8572.0,-1.248020210854461e-15
8579.0,-5.800060431710364e-19
8584.0,-2.0857142026822104e-16
8587.0,1.3270041110109865e-16
8589.0,1.4596995737266805e-19
8595.0,-8.048424196744837e-16
8601.0,9.745572404298344e-17
8602.0,4.538989101173969e-22
8610.0,8.808735790252866e-19
8616.0,1.2560985286054748e-16
8644.0,1.6084297560780249e-16
8656.0,-1.6084297560780249e-16
8657.0,6.352063328695147e-16
8658.0,1.6084297560780249e-16
8664.0,-2.8885491020116515e-16
8667.0,-3.493863885510797e-16
8679.0,-7.734991874157874e-17
8688.0,-2.010537195097531e-17
8689.0,-1.3270041110109865e-16
8690.0,1.3270041110109865e-16
8699.0,-2.142792862679269e-16
8702.0,9.24004422662748e-17
8709.0,-3.493863885510797e-16
8713.0,7.782620158276079e-16
8724.0,5.764303771017257e-20
8726.0,5.764303771017257e-20
8727.0,9.240327913446303e-17
8731.0,-2.4850965328927478e-20
8732.0,7.591991178085797e-17
8733.0,7.591991178085797e-17
8734.0,7.591991178085797e-17
8735.0,7.591991178085797e-17
8736.0,7.591991178085797e-17
8737.0,1.1391674294233174e-16
8738.0,1.543895809741543e-17
8746.0,-1.0850749698777666e-16
8748.0,-7.26648066094897e-17
8749.0,-1.232595164407831e-32
8756.0,3.372457510416917e-16
8757.0,2.905782180149839e-19
8758.0,2.225549936095686e-18
8783.0,8.332711512596224e-17
8787.0,-9.325428339030189e-17
8788.0,-3.3724246027459334e-16
8789.0,1.5448489974527895e-17
8791.0,2.4397066418810082e-20
8798.0,-3.5842690378286966e-17
8800.0,8.042148780390124e-17
8837.0,-1.8229848223805287e-18
8838.0,1.7588920604581867e-16
8839.0,-1.2810170292585025e-16
8880.0,-8.898600274783501e-16
8881.0,-8.898600274783501e-16
8883.0,-8.898600274783501e-16
8889.0,-5.800060431710364e-19
8890.0,-5.800060431710364e-19
8918.0,-5.22005438853966e-18
8920.0,9.393365361724785e-17
8945.0,-7.777740080207688e-16
8947.0,8.898600274783501e-16
8959.0,-7.368457637229778e-18
8968.0,3.411129669283892e-16
8969.0,3.411129669283892e-16
8998.0,5.765481008048355e-16
9004.0,-3.372553963935317e-16
9005.0,-3.372553963935317e-16
9007.0,-3.372553963935317e-16
9008.0,-3.372553963935317e-16
9014.0,6.695008924231604e-21
9017.0,-5.22005438853966e-18
9022.0,6.513969700893417e-16
9024.0,7.253107977621663e-20
9034.0,-4.538989101173969e-22
9035.0,-4.538989101173969e-22
9036.0,-4.538989101173969e-22
9037.0,-4.538989101173969e-22
9042.0,-3.3724234679986584e-16
9043.0,-3.3724234679986584e-16
9044.0,-3.3724234679986584e-16
9045.0,-3.3724234679986584e-16
9061.0,4.236799639876757e-22
9062.0,4.236799639876757e-22
9084.0,-7.777740080207688e-16
9086.0,-7.777740080207688e-16
9090.0,9.150539332248932e-16
9094.0,-3.1320326331237956e-17
9113.0,8.169586890530512e-16
9117.0,5.162962524144683e-17
9118.0,3.4800362590264396e-18
9119.0,-3.140246321513687e-17
9128.0,1.719258685149597e-17
9133.0,1.044010877707932e-17
9149.0,-1.044010877707932e-17
9207.0,-4.0126946457033296e-16
9223.0,-3.2507091943874204e-17
9232.0,-1.044010877707932e-17
9236.0,-8.042148780390124e-17
9275.0,4.334619244933984e-31
9286.0,-1.9679690809426127e-20
9287.0,-5.76528421114026e-16
9288.0,-1.9679690809426127e-20
9335.0,4.058179657075073e-16
9342.0,-5.76528421114026e-16
9344.0,-5.76528421114026e-16
9350.0,1.248020210854461e-15
9352.0,-9.819108156354618e-17
9362.0,-1.4596995737266805e-19
9369.0,-5.611877592766759e-16
9388.0,-5.76528421114026e-16
9390.0,1.226379019925005e-15
9398.0,4.058179657075073e-16
9453.0,-5.765481008048355e-16
9485.0,-1.15384391641597e-16
9516.0,-3.750784818305064e-16
9519.0,-1.4596995737266805e-19
9521.0,4.538989101173969e-22
9529.0,-5.611877592766759e-16
9530.0,-5.611877592766759e-16
9537.0,5.765481008048355e-16
9568.0,-5.611877592766759e-16
9576.0,4.058179657075073e-16
9577.0,4.058179657075073e-16
9583.0,2.335437252847552e-16
9590.0,4.538989101173969e-22
9605.0,-3.555789943702968e-16
9607.0,5.765481008048355e-16
9613.0,4.256645231972282e-17
9617.0,3.9705939071961634e-33
9620.0,-7.782620158276079e-16
9621.0,7.782620158276079e-16
9631.0,-2.7097000336619343e-16
9634.0,-0.9549099330749063
9646.0,0.1530040290680038
9647.0,-8.063277866438491e-18
9656.0,-8.765922701642228e-20
9663.0,-1.1914476498431922e-16
9666.0,7.980506107638593e-17
9667.0,1.8831215918178055e-15
9670.0,0.9392452209422929
9676.0,0.20187663216186538
9690.0,7.298497868633402e-20
9694.0,1.5609107181374332e-18
9731.0,-1.5609107181374332e-18
9735.0,8.042148780390123e-17
9742.0,-2.514963814590807e-20
9744.0,-2.514963814590807e-20
9745.0,7.804553590687166e-19
9746.0,4.109386802869514e-16
9749.0,8.042148780390124e-17
9753.0,-8.848781972580307e-17
9755.0,1.232595164407831e-32
9756.0,-2.514963814590807e-20
9758.0,-2.7805899193857114e-15
9761.0,-8.042148780390124e-17
9763.0,-2.2570188074244134e-20
9766.0,-1.5609107181374332e-18
9767.0,1.430006960720771e-18
9773.0,-4.256645231972282e-17
9780.0,-1.5304045896091955e-16
9790.0,1.5304045896091955e-16
9799.0,-8.896237235952472e-17
9817.0,1.595457500109889e-17
9830.0,-1.0713840091637786e-15
9831.0,8.318726463646517e-20
9839.0,-1.595457500109889e-17
9847.0,8.896237235952472e-17
9856.0,1.0713840091637786e-15
9857.0,-8.318726463646517e-20
9864.0,0.8318268394513659
9873.0,1.3360160143097855e-16
9875.0,-0.6803735230665977
9879.0,0.8707296019941804
9881.0,-3.231627590120934e-16
9884.0,1.0621717867587056e-15
9888.0,0.9831219868224537
9892.0,-0.07894332190199954
9921.0,7.445565254494317e-32
9922.0,-2.2686975784630473e-17
9924.0,-1.2154806178218428e-16
9931.0,3.405895163654446e-16
9950.0,1.2154806178218428e-16
9968.0,4.334619244933984e-31
9971.0,6.214203736332883e-17
9988.0,-5.221068688830537e-16
9989.0,4.058179657075073e-17
9990.0,4.058179657075073e-17
9991.0,-1.9679690809426127e-20
10001.0,-0.7399697612501239
10018.0,-7.065037273635938e-18
10020.0,-1.044010877707932e-17
10023.0,-1.044010877707932e-17
10025.0,-1.044010877707932e-17
10030.0,-6.298619201950077e-18
10033.0,-1.1130963355672889e-17
10034.0,-1.1130963355672889e-17
10046.0,-1.044010877707932e-17
10059.0,-3.3306690738754696e-16
10073.0,6.214203736332883e-17
10079.0,-5.221068688830537e-16
10080.0,4.058179657075073e-17
10081.0,-1.9679690809426127e-20
10093.0,-7.065037273635938e-18
10098.0,-6.298619201950077e-18
10100.0,-1.1130963355672889e-17
10122.0,-3.3306690738754696e-16
10144.0,2.850239267114754e-16
10201.0,7.130667787945741e-16
10232.0,-3.405895163654446e-16
10238.0,2.6880601037918604e-15
10244.0,-3.6459696447610574e-18
10246.0,3.6459696447610574e-18
10270.0,-2.850239267114754e-16
10276.0,2.2686975784630473e-17
10278.0,-7.130667787945741e-16
10279.0,7.130667787945741e-16
10284.0,4.058179657075073e-17
10287.0,1.044010877707932e-17
10292.0,1.044010877707932e-17
10321.0,1.2154806178218428e-16
10323.0,-7.298497868633402e-20
10336.0,-8.898600274783501e-16
10337.0,7.445565254494317e-32
11108.0,1.2560985286054748e-16
11110.0,3.405895163654446e-16
11125.0,5.611877592766759e-16
11147.0,-1.226379019925005e-15
11165.0,3.405895163654446e-16
11182.0,2.709790269522482e-16
11188.0,7.4278712157903e-16
11201.0,4.671197677383136e-16
11205.0,-0.6246406254817236
11246.0,4.058179657075073e-16
11250.0,-8.048424196744837e-16
11251.0,-1.044010877707932e-17
11276.0,-6.146339797234378e-17
11290.0,-8.042148780390124e-17
11292.0,4.83338369309197e-20
11305.0,-2.734781340365059e-16
11306.0,5.764784556530468e-16
11318.0,0.826517257643589
11328.0,1.2174538971225219e-16
11330.0,1.2560985286054748e-16
11331.0,1.2560985286054748e-16
11334.0,-3.491340429848953e-16
11335.0,-3.491340429848953e-16
11336.0,-3.491340429848953e-16
11343.0,-2.0277082122135142e-16
11344.0,-2.0277082122135142e-16
11345.0,-2.0277082122135142e-16
11346.0,-2.0277082122135142e-16
11354.0,8.896237235952472e-17
11355.0,8.896237235952472e-17
11371.0,-7.212912561899441e-16
11380.0,5.611877592766759e-16
11381.0,5.611877592766759e-16
11454.0,1.1102230246251565e-16
11458.0,-0.492342064916104
11459.0,1.044010877707932e-17
11461.0,1.044010877707932e-17
11504.0,0.37388503764246095
11532.0,0.492342064916104
11571.0,0.37388503764246095
11580.0,-1.2818573826814297e-16
11647.0,8.896237235952472e-17
11669.0,6.146339797234378e-17
11678.0,-1.044010877707932e-17
11724.0,-1.3270041110109865e-16
11725.0,1.5332839966773535e-16
11746.0,8.896237235952472e-17
11793.0,-1.044010877707932e-17
11899.0,-1.2560985286054748e-16
11900.0,1.2560985286054748e-16
11917.0,1.2560985286054748e-16
11918.0,1.2560985286054748e-16
11928.0,6.869179477934071e-17
11934.0,-2.882151885508628e-16
11935.0,-6.869179477934073e-17
11938.0,5.1902590521025783e-17
11939.0,5.1902590521025783e-17
11945.0,-1.0179476682159126e-18
11951.0,1.8194036605685403e-16
11952.0,1.8194036605685403e-16
11953.0,9.812673521194296e-17
11958.0,-1.9625347042388593e-16
11962.0,9.812673521194296e-17
11963.0,-2.882151885508628e-16
11966.0,7.020545292705974e-16
11969.0,-4.164009268190058e-16
11971.0,-2.6494526520322665e-16
11972.0,1.044010877707932e-17
11973.0,2.6616635292299165e-17
11977.0,9.674827146488567e-17
11978.0,-9.745572404298344e-17
11987.0,7.020545292705974e-16
11989.0,2.6494526520322665e-16
11997.0,1.0853875567120957e-15
12009.0,1.2560985286054748e-16
12010.0,4.448118617976236e-17
12015.0,1.2560985286054748e-16
12018.0,9.812673521194296e-17
12058.0,4.880078068390939e-19
12067.0,-1.1102230246251565e-16
12109.0,-6.290951610766182e-17
12114.0,1.2560985286054748e-16
12123.0,-3.9446738991685794e-17
12124.0,3.9446738991685794e-17
12157.0,-6.290951610766182e-17
12159.0,-6.290951610766182e-17
12177.0,-1.2560985286054748e-16
12178.0,1.2560985286054748e-16
12301.0,-0.675760187888083
12303.0,0.675760187888083
12304.0,0.14021042159601405
12309.0,-0.14021042159601405
12454.0,1.3592343845577615e-17
12455.0,-2.2647691147972104e-18
12456.0,2.2647691147972104e-18
12637.0,-4.334619244933984e-31
12638.0,4.334619244933984e-31
12883.0,1.569240915874128e-16
12893.0,1.569240915874128e-16
12927.0,-7.253107977621663e-20
12929.0,-1.4596995737266805e-19
12930.0,-2.220446049250313e-16
12936.0,-7.298497868633402e-20
12942.0,-7.253107977621663e-20
12950.0,1.8144187053762878e-17
12966.0,-3.6423432388561625e-16
12972.0,-4.5753272123413e-19
12984.0,1.1347472752934922e-18
12986.0,1.0575274183502776e-16
12996.0,2.882151885508628e-16
13012.0,2.135648613535667e-16
13013.0,8.850688024619944e-18
13014.0,1.9345875496852365e-17
13016.0,4.001215201003591e-17
13018.0,2.8566541875020077e-16
13019.0,2.8566541875020077e-16
13090.0,2.5024099963122135e-16
