vector,row,col
v,6663,1
I,V
2.0,-7.9084487267625e-17
13.0,4.492044019195447e-17
29.0,1.3799422356940586e-17
36.0,-1.3799422356940586e-17
39.0,-1.3799422356940586e-17
45.0,1.2020638063275827e-16
55.0,1.0583060249357708e-16
58.0,1.2020638063275827e-16
59.0,1.2020638063275827e-16
60.0,5.5065930609603586e-17
67.0,1.6346398608167316e-17
68.0,1.6346398608167316e-17
71.0,5.5065930609603586e-17
84.0,1.0583060249357708e-16
90.0,1.6346398608167316e-17
132.0,6.483044471317084e-17
133.0,-2.5435771617197767e-17
135.0,3.8423219164378727e-17
140.0,-2.355111209518419e-16
144.0,3.633549045403667e-18
150.0,-2.4846690109625126e-17
151.0,2.6525844468884496e-18
156.0,1.6346398608167316e-17
157.0,-2.84036721494857e-17
168.0,-5.1146244575407784e-17
178.0,-6.388090284850677e-17
204.0,-7.401486830834377e-17
205.0,9.71863352803081e-17
208.0,9.71863352803081e-17
215.0,-1.2484256627247815e-16
224.0,-0.8684127818006768
226.0,0.8684127818006768
234.0,-5.5065930609603586e-17
252.0,8.884305656822093e-17
253.0,-1.38666955995881e-32
259.0,4.541525642842309e-17
262.0,1.6371190462347048e-16
279.0,-5.5065930609603586e-17
282.0,-9.708304107778753e-17
284.0,2.2460220095977236e-17
317.0,0.2626117490056785
322.0,-9.656150100383087e-17
327.0,-1.2020638063275827e-16
328.0,9.656150100383087e-17
331.0,1.166202671435833e-18
362.0,-5.1146244575407784e-17
384.0,-3.6188427479613186e-17
390.0,3.5947028728168505e-17
408.0,3.6188427479613186e-17
409.0,5.0325862954937516e-18
426.0,2.2460220095977236e-17
430.0,1.1780432056355067e-16
434.0,7.650106965723738e-18
437.0,5.2968366722484984e-17
447.0,6.672377779289778e-18
457.0,2.2460220095977236e-17
458.0,-3.5947028728168505e-17
460.0,-1.6371190462347048e-16
468.0,0.9908161510230111
483.0,-2.6204198623901097e-17
484.0,1.9318748530524776e-17
489.0,-0.6033180028082689
491.0,-0.40743915302997136
492.0,8.375108282732673e-17
495.0,-3.6140582237826146e-17
498.0,-8.375108282732673e-17
500.0,8.858985412319108e-18
513.0,-9.501182528804239e-18
518.0,1.0507186973664557e-16
521.0,-1.1013186121920717e-16
522.0,1.2484256627247815e-16
535.0,4.163336342344337e-17
537.0,4.163336342344337e-17
538.0,-1.0826348709246445e-18
543.0,2.8984283690569966e-17
546.0,-3.0814879110195774e-33
549.0,-6.740882431935224e-18
558.0,-2.355111209518419e-16
559.0,6.717946215242825e-17
571.0,-7.747668075400148e-19
572.0,-5.7583344410083195e-18
582.0,1.3926298596918235e-16
594.0,2.1854490535839494e-17
609.0,-7.747668075400148e-19
621.0,6.780398317578427e-17
622.0,6.780398317578427e-17
623.0,6.780398317578427e-17
624.0,6.780398317578427e-17
629.0,-6.780398317578427e-17
645.0,-1.68899407548707e-17
667.0,-8.220092545313229e-18
675.0,1.6346398608167316e-17
676.0,1.6346398608167316e-17
677.0,1.6346398608167316e-17
678.0,1.6346398608167316e-17
686.0,1.6346398608167316e-17
690.0,3.9248029124634586e-17
697.0,-0.7575996123509902
698.0,-3.5005101785356416e-16
699.0,-2.5276778935753547e-17
700.0,0.7575996123509898
723.0,5.253224751085986e-17
727.0,-3.69425042610589e-17
734.0,3.479984596724047e-17
742.0,-0.9275879103525201
746.0,-3.293200636827908e-17
749.0,-1.435093016389558e-18
772.0,-1.3634846648310276e-17
777.0,-7.9084487267625e-17
787.0,1.5245561561868827e-17
788.0,-8.858985412319108e-18
810.0,-9.656150100383087e-17
811.0,5.1146244575407784e-17
815.0,3.479984596724047e-17
821.0,5.1146244575407784e-17
822.0,-0.2065447162297399
826.0,0.2065447162297399
828.0,5.1146244575407784e-17
844.0,-6.780398317578427e-17
846.0,-5.7583344410083195e-18
862.0,-1.2484256627247815e-16
868.0,-3.608782903082148e-19
870.0,-7.217565806164296e-19
879.0,0.5807460302316468
881.0,-5.252067897701005e-18
897.0,1.7123158918088986e-16
900.0,-1.2377151232517941e-17
906.0,1.011189129216486e-16
917.0,-6.648207986480268e-17
918.0,1.1436818760187769e-17
924.0,-1.39943218168765e-17
928.0,-1.39943218168765e-17
948.0,-6.648207986480268e-17
957.0,1.1255573168183637e-16
965.0,-8.195961948051271e-19
971.0,8.195961948051271e-19
974.0,-2.355111209518419e-16
987.0,1.1516668882016639e-17
993.0,-5.1146244575407784e-17
997.0,-7.151549391073201e-18
998.0,1.6346398608167316e-17
1005.0,-6.388090284850677e-17
1016.0,1.6346398608167316e-17
1017.0,-7.151549391073201e-18
1018.0,-7.151549391073201e-18
1019.0,-7.151549391073201e-18
1021.0,-1.9787461881635184e-16
1027.0,-1.9787461881635184e-16
1028.0,1.6371190462347048e-16
1031.0,-1.4713637386032158e-16
1034.0,-1.778693145997808e-16
1042.0,8.858985412319108e-18
1043.0,-8.858985412319108e-18
1044.0,1.7123158918088986e-16
1045.0,-2.355111209518419e-16
1065.0,-0.6654346140250127
1077.0,6.780398317578427e-17
1078.0,6.780398317578427e-17
1079.0,-6.780398317578427e-17
1089.0,-6.780398317578427e-17
1093.0,-6.780398317578427e-17
1109.0,-2.0329539077074823e-17
1128.0,1.0111891292164857e-16
1136.0,1.1255573168183637e-16
1145.0,-5.4647788260006e-17
1152.0,-7.151549391073201e-18
1162.0,-3.3831360365407176e-18
1168.0,-0.01789095310943023
1171.0,-7.151549391073201e-18
1186.0,1.1013186121920717e-16
1187.0,1.0111891292164865e-16
1189.0,1.1436818760187701e-17
1214.0,3.270669030959276e-17
1218.0,1.6346398608167316e-17
1227.0,1.6346398608167316e-17
1236.0,-5.1146244575407784e-17
1241.0,1.2020638063275827e-16
1242.0,2.5422947687513863e-16
1247.0,1.8718355923296768e-17
1249.0,6.105983919986583e-17
1263.0,2.355111209518419e-16
1317.0,1.0900647136211e-17
1320.0,2.2194105662736675e-17
1358.0,-2.2470012214873315e-17
1424.0,1.575967425325796e-16
1428.0,2.220446049250313e-16
1429.0,-1.621038259370114e-17
1443.0,-6.672377779289778e-18
1460.0,2.870186032779116e-18
1465.0,-2.870186032779116e-18
1467.0,1.38666955995881e-32
1479.0,-1.0507186973664557e-16
1494.0,-2.7755575615628914e-17
1501.0,-6.717946215242825e-17
1529.0,1.3634846648310276e-17
1568.0,6.7656566152317796e-18
1576.0,2.870186032779116e-18
1601.0,-3.37798815097414e-17
1660.0,6.12008557257899e-17
1671.0,1.921162843753435e-16
1707.0,2.2105524639555855e-16
1717.0,1.1102230246251565e-15
1722.0,1.38666955995881e-32
1773.0,-9.656150100383087e-17
1776.0,1.6346398608167316e-17
1795.0,-1.1102230246251565e-16
1799.0,-1.9318748530524776e-17
1803.0,3.6140582237826146e-17
1817.0,1.186700171050922e-16
1842.0,-5.1146244575407784e-17
1850.0,-3.6140582237826146e-17
1853.0,9.71863352803081e-17
1875.0,6.717946215242825e-17
1887.0,3.5947028728168505e-17
1891.0,-3.5947028728168505e-17
1892.0,1.8066463969773455e-18
1897.0,-1.8066463969773455e-18
1901.0,-1.9787461881635184e-16
1907.0,9.185958948157049e-17
1912.0,-3.5947028728168505e-17
1925.0,1.9318748530524776e-17
1928.0,-1.9787461881635184e-16
1936.0,-1.5683793586405202e-16
1939.0,2.1854490535839494e-17
1940.0,6.780398317578427e-17
1946.0,-6.780398317578427e-17
1959.0,2.1854490535839494e-17
1963.0,2.1854490535839494e-17
1964.0,6.780398317578427e-17
1987.0,2.1854490535839494e-17
1988.0,6.780398317578427e-17
1995.0,-3.6140582237826146e-17
1997.0,-3.6140582237826146e-17
2002.0,2.1854490535839494e-17
2006.0,3.5947028728168505e-17
2013.0,2.1854490535839494e-17
2019.0,3.9622583861085335e-17
2030.0,2.1854490535839494e-17
2036.0,-3.5947028728168505e-17
2042.0,-1.6371190462347048e-16
2044.0,-0.8126339636502107
2055.0,-1.5683793586405202e-16
2056.0,8.965847371162377e-17
2058.0,-1.5683793586405202e-16
2063.0,8.965847371162377e-17
2065.0,3.9622583861085335e-17
2070.0,3.9622583861085335e-17
2071.0,2.8959208284775876e-17
2074.0,-3.293200636827908e-17
2079.0,1.976435906768176e-17
2082.0,-9.473937885675369e-17
2083.0,-3.293200636827908e-17
2093.0,-6.672377779289778e-18
2103.0,-8.67058985793273e-18
2116.0,2.84036721494857e-17
2126.0,6.388090284850677e-17
2128.0,-6.388090284850677e-17
2129.0,6.388090284850677e-17
2132.0,-6.388090284850677e-17
2136.0,6.388090284850677e-17
2137.0,-6.388090284850677e-17
2138.0,-4.492044019195447e-17
2144.0,4.492044019195447e-17
2162.0,3.5757746955366004e-18
2176.0,1.9244264765188853e-16
2190.0,-7.215751854680933e-17
2191.0,2.1490286774786577e-16
2198.0,-4.106196431870626e-18
2204.0,1.6424785727482503e-17
2257.0,3.5757746955366004e-18
2274.0,-9.473937885675366e-17
2284.0,-5.3414490433659366e-17
2285.0,-5.3414490433659366e-17
2350.0,1.0380575837716217e-17
2352.0,2.2460220095977236e-17
2395.0,-3.2849571454965005e-17
2456.0,-1.5245561561868827e-17
2457.0,-3.69425042610589e-17
2470.0,-0.4317958973193915
2500.0,5.1146244575407784e-17
2510.0,-6.920169226516324e-19
2519.0,2.8959208284775876e-17
2521.0,0.7791777871349572
2527.0,-0.7791777871349572
2540.0,-6.868207860638712e-18
2562.0,9.78328956539876e-18
2564.0,1.6346398608167316e-17
2565.0,-3.2140090025945376e-17
2567.0,-2.028841159813558e-16
2572.0,6.627030932263241e-17
2574.0,-1.99077755168039e-18
2587.0,-5.7583344410083226e-18
2610.0,1.3486896275845854e-16
2614.0,-1.5946452472292348e-17
2618.0,1.2020638063275827e-16
2626.0,1.9244264765188853e-16
2631.0,1.1102230246251565e-16
2633.0,-3.049112312373765e-17
2665.0,-5.2399707782459784e-17
2667.0,-1.6118893578305884e-17
2669.0,-1.1783598649339521e-17
2670.0,2.5435771617197767e-17
2675.0,8.6521526182146e-18
2676.0,-5.020681781371825e-17
2678.0,6.899711178470293e-18
2692.0,-3.293200636827908e-17
2711.0,1.5245561561868827e-17
2727.0,-1.0380575837716217e-17
2739.0,-6.479089018687207e-17
2740.0,-4.3593134281345884e-17
2743.0,0.2215413261241077
2744.0,4.3593134281345884e-17
2746.0,-6.479089018687207e-17
2753.0,-2.2460220095977236e-17
2759.0,5.081811221760271e-18
2774.0,4.3593134281345884e-17
2795.0,6.167089519441031e-17
2808.0,-8.375108282732673e-17
2827.0,-6.672377779289778e-18
2831.0,9.71863352803081e-17
2842.0,1.9318748530524776e-17
2846.0,-1.943726705606162e-16
2867.0,5.1146244575407784e-17
2873.0,-7.747668075400148e-19
2875.0,5.1146244575407784e-17
2878.0,0.12693645091486233
2882.0,5.1146244575407784e-17
2885.0,-5.239699500356789e-17
2887.0,4.3593134281345884e-17
2893.0,-5.239699500356789e-17
2894.0,0.06191980663508243
2937.0,1.9244264765188853e-16
2940.0,-9.599012928491378e-17
2944.0,-1.1973718069973577e-17
2954.0,9.71863352803081e-17
2960.0,-2.2460220095977236e-17
2961.0,6.740882431935224e-18
2990.0,1.3481764863870448e-17
2995.0,1.2020638063275827e-16
3020.0,4.335294928966365e-18
3024.0,-1.1077705209471568e-16
3033.0,4.436067478313937e-17
3035.0,5.574542359129371e-17
3037.0,-2.355111209518419e-16
3043.0,3.861953354790636e-17
3047.0,-9.599012928491378e-17
3052.0,1.2020638063275827e-16
3055.0,4.492044019195447e-17
3058.0,-1.0074519413551099e-17
3071.0,-2.2194105662736678e-17
3106.0,9.71863352803081e-17
3122.0,3.0814879110195774e-32
3123.0,1.38666955995881e-32
3131.0,4.423678587710523e-17
3137.0,7.703719777548943e-34
3138.0,-1.38666955995881e-32
3140.0,4.423678587710523e-17
3147.0,-4.930380657631324e-32
3157.0,5.337661645989796e-18
3162.0,-1.6424785727482503e-17
3163.0,0.8383893324031114
3177.0,1.406551417776247e-17
3200.0,-1.778693145997808e-16
3210.0,5.803092429654672e-17
3225.0,1.5245561561868827e-17
3226.0,-1.3504316170127665e-16
3227.0,1.1013186121920717e-16
3229.0,-1.5245561561868827e-17
3231.0,-7.622780780934414e-18
3279.0,2.1702849632673501e-16
3298.0,1.7123158918088986e-16
3301.0,1.5245561561868827e-17
3314.0,-0.8126339636502107
3322.0,-8.858985412319108e-18
3347.0,2.870186032779116e-18
3360.0,-4.5736684685606485e-17
3363.0,1.0568588036290829e-16
3364.0,1.0568588036290829e-16
3369.0,-4.458811881060777e-18
3389.0,9.656150100383087e-17
3400.0,9.656150100383087e-17
3426.0,-1.6346398608167316e-17
3435.0,-4.299605880434094e-18
3436.0,-1.6346398608167316e-17
3450.0,5.1146244575407784e-17
3468.0,-1.0380575837716217e-17
3482.0,-1.2046792727733222e-17
3485.0,1.406551417776247e-17
3495.0,9.656150100383087e-17
3496.0,-1.6346398608167316e-17
3501.0,-3.293200636827908e-17
3510.0,-1.0900647136211e-17
3521.0,-3.6140582237826146e-17
3523.0,-3.6140582237826146e-17
3528.0,0.6581282678605356
3536.0,-0.6581282678605356
3538.0,-3.2140090025945376e-17
3547.0,1.0905373655362652e-17
3555.0,-1.1102230246251565e-16
3560.0,-5.574542359129371e-17
3588.0,5.3414490433659366e-17
3593.0,-1.646600318413954e-17
3599.0,2.2460220095977236e-17
3602.0,2.2460220095977236e-17
3605.0,1.2020638063275827e-16
3610.0,2.2460220095977236e-17
3635.0,5.3414490433659366e-17
3645.0,1.3926298596918235e-16
3657.0,-3.2140090025945376e-17
3664.0,-4.5736684685606485e-17
3667.0,-1.7123158918088986e-16
3669.0,1.7123158918088986e-16
3673.0,1.7123158918088986e-16
3674.0,6.427953177095202e-17
3690.0,5.846817495147194e-17
3714.0,-8.375108282732673e-17
3767.0,-9.656150100383087e-17
3777.0,-7.343699043238377e-17
3783.0,6.105983919986583e-17
3802.0,4.335294928966365e-18
3844.0,-1.1516668882016639e-17
3848.0,-1.1516668882016639e-17
3853.0,1.1516668882016639e-17
3860.0,-1.0568588036290829e-16
3867.0,-5.5065930609603586e-17
3872.0,-5.5065930609603586e-17
3873.0,5.5065930609603586e-17
3877.0,-5.5065930609603586e-17
3914.0,-1.1516668882016639e-17
3917.0,-1.0568588036290829e-16
3923.0,-1.0568588036290829e-16
3931.0,-2.980128137266913e-19
3934.0,-1.0568588036290829e-16
3951.0,2.2470012214873315e-17
3971.0,-4.5736684685606485e-17
3989.0,-7.9084487267625e-17
4007.0,-7.9084487267625e-17
4016.0,-7.9084487267625e-17
4019.0,1.178780979490067e-17
4048.0,6.475880949203098e-18
4114.0,1.0568588036290829e-16
4117.0,2.2470012214873315e-17
4125.0,2.2470012214873315e-17
4154.0,1.0568588036290829e-16
4236.0,1.1973264724288902e-16
4245.0,6.475880949203098e-18
4280.0,4.458811881060777e-18
4281.0,2.870186032779116e-18
4287.0,-1.9787461881635184e-16
4289.0,4.458811881060777e-18
4379.0,-5.5065930609603586e-17
4454.0,-1.723689173288165e-16
4544.0,-3.0956815968138238e-18
4637.0,-1.4520841630087041e-18
4686.0,5.803092429654672e-17
4696.0,-5.803092429654672e-17
4705.0,9.851593400378463e-17
4707.0,-2.4440155743594608e-16
4727.0,4.3593134281345884e-17
4735.0,-5.239699500356789e-17
4746.0,-6.479089018687207e-17
4753.0,-5.239699500356789e-17
4754.0,2.1733592096840374e-17
4755.0,-4.7369689428376844e-17
4756.0,-1.2507504281601074e-18
4774.0,1.0583060249357708e-16
4788.0,-1.0074519413551099e-17
4822.0,-3.6140582237826146e-17
4832.0,-8.67058985793273e-18
4867.0,-0.9688644034947492
4877.0,-6.479089018687207e-17
4883.0,1.4943126608506105
4889.0,-5.1146244575407784e-17
4924.0,-5.1146244575407784e-17
4933.0,-5.1146244575407784e-17
4952.0,-5.1146244575407784e-17
4978.0,-5.1146244575407784e-17
4983.0,-3.5947028728168505e-17
4984.0,4.5736684685606485e-17
5002.0,-3.2140090025945376e-17
5018.0,9.88217953384088e-18
5020.0,-2.870186032779116e-18
5024.0,3.6140582237826146e-17
5035.0,-2.8706038629467507e-16
5038.0,2.1317537777255727e-16
5046.0,8.67058985793273e-18
5049.0,-0.8966085145767592
5051.0,1.6346398608167316e-17
5055.0,-8.84194815629483e-19
5060.0,1.4713637386032158e-16
5061.0,-5.924733266319862e-17
5072.0,8.375108282732673e-17
5094.0,-1.0142673417271734e-16
5096.0,-3.69425042610589e-17
5099.0,2.355111209518419e-16
5103.0,9.71863352803081e-17
5104.0,-0.5402612502423438
5109.0,1.136111210077906e-16
5110.0,-8.84194815629483e-19
5113.0,8.841948156294833e-19
5115.0,-9.78328956539876e-18
5118.0,-8.84194815629483e-19
5121.0,-2.355111209518419e-16
5136.0,1.429233463060319e-17
5137.0,8.84194815629483e-19
5148.0,-1.6424785727482503e-17
5152.0,0.5402612502423438
5163.0,-3.69425042610589e-17
5164.0,-1.435093016389558e-18
5172.0,2.870186032779116e-18
5180.0,0.8383893324031114
5190.0,-1.2234017150701569e-17
5198.0,1.9588831852963888e-17
5199.0,-2.1702849632673501e-16
5211.0,0.9472393073531403
5213.0,-2.1702849632673501e-16
5216.0,5.0325862954937516e-18
5221.0,3.9248029124634586e-17
5222.0,1.7123158918088986e-16
5223.0,-5.2399707782459784e-17
5226.0,1.1102230246251565e-16
5230.0,5.2559977347234937e-17
5237.0,-7.9084487267625e-17
5246.0,1.1516668882016639e-17
5247.0,-1.1516668882016639e-17
5251.0,-9.71863352803081e-17
5252.0,9.71863352803081e-17
5262.0,2.056578539120056e-18
5263.0,2.251003940960422e-18
5266.0,2.251003940960422e-18
5270.0,1.186700171050922e-16
5271.0,5.2399707782459784e-17
5272.0,-5.2399707782459784e-17
5273.0,-3.0480755843950745e-18
5274.0,-6.096151168790149e-18
5275.0,1.087380713390703e-17
5276.0,-5.2399707782459784e-17
5279.0,1.634639860816732e-17
5284.0,1.1516668882016639e-17
5289.0,5.1146244575407784e-17
5292.0,4.335294928966365e-18
5300.0,-5.252067897701005e-18
5311.0,8.40482259610349e-18
5318.0,-2.287271439371884e-16
5331.0,1.3634846648310276e-17
5336.0,-2.046944254429685e-17
5339.0,5.7583344410083195e-18
5348.0,1.68899407548707e-17
5352.0,-1.0380575837716217e-17
5359.0,-1.0380575837716217e-17
5364.0,-8.921518969442977e-17
5365.0,-1.0566713306512655e-16
5366.0,-4.565377306402878e-17
5367.0,1.0900647136211e-17
5375.0,-5.1146244575407784e-17
5378.0,-1.6067406683591595e-16
5380.0,-6.672377779289778e-18
5389.0,4.5403510562559846e-17
5401.0,-1.7123158918088986e-16
5414.0,-4.217940150951872e-17
5421.0,-4.217940150951872e-17
5443.0,-1.3799422356940586e-17
5447.0,5.7583344410083195e-18
5452.0,7.971145585878328e-18
5453.0,-7.971145585878328e-18
5461.0,1.0583060249357708e-16
5467.0,-8.67058985793273e-18
5470.0,-1.778693145997808e-16
5471.0,-3.8423219164378727e-17
5478.0,-4.541525642842309e-17
5489.0,-4.492044019195447e-17
5493.0,1.0583060249357708e-16
5531.0,-2.4623913355809507e-17
5532.0,-1.435093016389558e-18
5539.0,8.795052269988027e-17
5583.0,-4.541525642842309e-17
5584.0,-4.541525642842309e-17
5606.0,-1.1516668882016639e-17
5608.0,-1.1516668882016639e-17
5616.0,-8.67058985793273e-18
5624.0,1.6118893578305884e-17
5649.0,1.6346398608167316e-17
5661.0,-8.67058985793273e-18
5675.0,5.7583344410083195e-18
5678.0,5.803092429654672e-17
5693.0,5.7583344410083195e-18
5696.0,-5.7583344410083195e-18
5716.0,-5.6773376202679086e-18
5724.0,1.1493525264737733e-16
5734.0,5.7583344410083195e-18
5741.0,-1.1493525264737733e-16
5747.0,-6.783977014653483e-18
5748.0,-1.5245561561868827e-17
5780.0,-0.3104626158167353
5790.0,-0.3840568263750212
5794.0,0.9721966053803124
5796.0,-1.6346398608167316e-17
5799.0,-0.813236152518306
5812.0,1.921162843753435e-16
5815.0,-0.6654346140250127
5817.0,1.1633213324221547
5818.0,-0.5131182856914162
5819.0,0.9252678312602283
5820.0,1.095531419159383
5835.0,1.186700171050922e-16
5837.0,0.2668634143090801
5839.0,0.5723969938933399
5845.0,-0.7465701655363999
5876.0,-0.8394643858821693
5880.0,-0.31350064285154156
5899.0,-0.3660996558644296
5901.0,-0.16793875565283067
5907.0,-0.8587941564578416
5913.0,-0.048534134848667865
5942.0,-0.12757935278093596
5953.0,-0.7670457347186461
5961.0,-0.8024664306246693
5970.0,-0.2367918697067669
5972.0,0.6442105913929843
5973.0,0.5474065365696016
5974.0,0.6511607716351016
5979.0,0.6875354929824272
5983.0,0.9460730870100288
6033.0,0.9545980336136658
6047.0,-0.8406670404609793
6056.0,-0.3133741343109
6060.0,-0.5763348027884402
6077.0,0.43890542617706885
6086.0,-0.6069905766673623
6089.0,-0.7806414168917843
6093.0,0.8457195514209397
6101.0,0.8514874583791824
6113.0,-0.8386184139870119
6117.0,1.2479711424441577
6128.0,0.5214038952176874
6136.0,0.6317909275626833
6146.0,-0.6486467622109293
6155.0,-0.7203054979368383
6157.0,0.6996149587187925
6170.0,-0.7997744518762638
6187.0,-0.7736858810285691
6188.0,0.5830593355459599
6198.0,0.07203367039237062
6204.0,-0.8554742486352579
6246.0,0.318024602134955
6252.0,0.6996149587187925
6271.0,-0.9394816247848281
6286.0,0.5685866167303046
6287.0,-0.8348982123623412
6297.0,-0.939481624784828
6299.0,-6.717946215242825e-17
6301.0,0.3104626158167353
6307.0,0.9394816247848281
6309.0,0.8966085145767592
6319.0,2.2470012214873315e-17
6339.0,0.8546572264945681
6340.0,1.1102230246251565e-16
6341.0,-0.8546572264945681
6346.0,-0.9394816247848282
6349.0,0.9394816247848281
6364.0,0.692713385339338
6384.0,-0.9275879103525201
6386.0,0.9275879103525201
6393.0,-1.1534869572875717
6397.0,0.1812903519072593
6429.0,-0.9275879103525201
6431.0,0.9463892914549987
6433.0,-0.9463892914549987
6451.0,0.28093598209339765
6463.0,9.89358529472763e-19
6474.0,-9.89358529472763e-19
6490.0,-1.3402729460013332
6491.0,0.885636622270329
6492.0,0.45463632373100415
6540.0,0.17885263216790778
6561.0,-1.2484256627247815e-16
6570.0,1.406551417776247e-17
6581.0,3.617250323073095e-17
6589.0,-4.3593134281345884e-17
6611.0,0.692713385339338
6619.0,-5.7583344410083195e-18
6648.0,-1.406551417776247e-17
6651.0,4.5736684685606485e-17
6653.0,-1.6354100524915714e-16
6657.0,1.4829544368728831e-16
