vector,row,col
v,13543,1
I,V
6.0,-7.801551802619217e-15
38.0,1.4696030867784935e-15
54.0,1.2207723720591237e-15
66.0,-2.0853208137009914e-15
90.0,4.850328822475115e-16
91.0,4.850328822475115e-16
134.0,1.6573273102255353e-14
146.0,-1.4696030867784935e-15
152.0,7.634489434177608e-15
153.0,7.634489434177608e-15
154.0,-2.5864436331748366e-14
162.0,-2.0102555508735586e-15
163.0,-2.85886114555501e-17
171.0,3.3693377537411697e-15
174.0,-1.656889129439319e-16
186.0,-7.634489434177608e-15
187.0,7.634489434177608e-15
190.0,1.5268978868355216e-14
193.0,5.319012467013137e-15
195.0,5.319012467013137e-15
196.0,1.5268978868355216e-14
197.0,-1.5268978868355216e-14
200.0,-7.222229877685942e-17
201.0,-7.222229877685942e-17
220.0,-3.754655215909951e-15
229.0,-2.1511527369920103e-14
236.0,1.5183255085444804e-15
237.0,-7.222229877685942e-17
244.0,-6.778296391966598e-17
248.0,8.529049054822613e-14
250.0,1.0585721562575545e-16
253.0,1.2096806172728448e-14
257.0,1.2096806172728448e-14
262.0,2.465190328815662e-32
272.0,5.238632688088626e-16
280.0,1.8648175597346917e-15
293.0,-5.134335993537277e-15
295.0,-5.134335993537277e-15
299.0,-2.2514486854560583e-14
303.0,9.459148773827588e-16
311.0,5.238632688088626e-16
318.0,-2.7488996536184916e-14
320.0,-2.7488996536184916e-14
322.0,-0.24423555858818788
323.0,-0.4730225419109243
326.0,0.5416478603645871
334.0,-0.2771858120931503
342.0,-5.134335993537277e-15
352.0,1.0175195526842963e-15
353.0,1.0175195526842963e-15
358.0,-2.1511527369920103e-14
370.0,-7.010625560456081e-15
371.0,7.010625560456081e-15
384.0,-5.134335993537277e-15
397.0,-0.8279572379973567
398.0,2.2746915645994964e-16
402.0,-5.134335993537277e-15
422.0,2.475981364615246e-21
423.0,-7.452613419686371e-15
429.0,1.391067157498378e-22
431.0,6.573999409241365e-22
435.0,1.5749222278744153e-17
438.0,-1.7061657468639498e-17
446.0,-1.0247340047594384e-14
455.0,3.1530495912758626e-16
457.0,0.4861024853097959
461.0,0.896098388986523
474.0,-6.778296391966598e-17
476.0,-1.9721522630525295e-31
480.0,-1.5268978868355216e-14
492.0,7.634489434177608e-15
495.0,1.5268978868355216e-14
500.0,-1.5268978868355216e-14
504.0,8.898535081364111e-15
514.0,1.595028428685556e-14
534.0,1.9727547005752112e-16
547.0,2.1649348980190553e-14
555.0,5.165977223799773e-16
564.0,-1.7102052851428203e-14
565.0,-1.7102052851428203e-14
573.0,7.714456922821831e-15
581.0,-1.6297876596711322e-15
587.0,-1.656889129439319e-16
593.0,-2.1640432493863013e-14
594.0,-2.66126150972845e-16
604.0,8.643287509721685e-15
613.0,-2.7488996536184916e-14
615.0,-7.222229877685942e-17
628.0,-7.222229877685942e-17
633.0,2.231646896917698e-14
648.0,2.56678492592515e-15
659.0,-2.9920495222275455e-15
661.0,-1.6284280009013162e-14
667.0,-1.0096420243521104e-14
678.0,4.563239983135901e-15
679.0,4.563239983135901e-15
681.0,-2.5671679967686386e-15
685.0,4.850328822475115e-16
694.0,4.8690041875759725e-15
701.0,7.222229877685942e-17
706.0,2.5671679967686386e-15
721.0,2.5671679967686386e-15
732.0,3.1622931004363263e-16
736.0,3.02926539119133e-14
739.0,-1.5285421861874003e-14
744.0,3.1530495912758626e-16
749.0,2.4579362678904106e-15
751.0,-7.891486249997849e-15
752.0,5.433549982107437e-15
756.0,-7.891486249997849e-15
757.0,5.433549982107437e-15
759.0,-3.1597241553333636e-15
762.0,2.1521893030152087e-15
768.0,7.51801259723837e-16
770.0,4.739586233000045e-15
772.0,-3.1597241553333636e-15
773.0,-3.2219264865590772e-15
778.0,3.1597241553333636e-15
779.0,3.6914285801001104e-14
783.0,-2.9022799551003256e-14
788.0,7.511159003092548e-17
789.0,5.010654326745097e-15
793.0,-1.5798620776666818e-15
803.0,8.719056656989338e-14
804.0,3.9173837368067525e-15
807.0,1.5798620776666816e-15
814.0,-1.5798620776666816e-15
816.0,-1.840117452956622e-14
818.0,7.740654618420823e-15
837.0,3.066772954792497e-15
846.0,5.872682368504199e-14
848.0,-3.944304526105059e-31
849.0,6.798385513603246e-15
856.0,1.665795587618793e-15
860.0,5.134335993537277e-15
863.0,-1.7111899506167665e-15
881.0,-6.086657307901037e-15
882.0,-6.086657307901037e-15
883.0,-6.086657307901037e-15
888.0,-1.405438214962514e-17
894.0,8.719056656989338e-14
902.0,-1.1102230246251575e-16
913.0,8.656172997545206e-15
916.0,9.687939963746961e-15
919.0,-4.216314644887726e-18
921.0,4.539556549435337e-17
932.0,5.134335993537277e-15
933.0,-5.134335993537277e-15
936.0,0.8472526499159314
945.0,-9.086548604111933e-16
946.0,-4.440892098500626e-16
956.0,-2.7145546373831767e-14
958.0,5.827316225678642e-14
960.0,4.536614282555793e-16
967.0,0.8472526499159304
969.0,-0.8472526499159304
974.0,-1.687692859403887e-15
976.0,8.928918017037375e-16
978.0,7.948010577001495e-16
988.0,-1.1102230246251565e-16
1003.0,2.068870969272535e-15
1032.0,9.863773502876057e-18
1043.0,0.7238567270213063
1045.0,-1.0096420243521104e-14
1049.0,9.079113098870673e-17
1061.0,-1.840117452956622e-14
1064.0,1.840117452956622e-14
1078.0,2.5224396730206905e-15
1080.0,-4.414269427786208e-15
1081.0,1.215492404620703e-14
1092.0,2.882540436096391e-14
1106.0,1.889000587724731e-14
1115.0,-1.778701030782652e-16
1118.0,-0.9984404261791813
1119.0,-0.9984404261791762
1121.0,-1.656889129439319e-16
1143.0,-2.3277992917634526e-14
1186.0,-7.010625560456081e-15
1205.0,2.6465435941491835e-14
1209.0,-7.222229877685942e-17
1219.0,3.674303036820236e-15
1305.0,5.1335698518503e-15
1309.0,2.882540436096391e-14
1315.0,-6.581492896859491e-17
1320.0,-2.1666689633057824e-16
1343.0,6.729842397386616e-16
1348.0,-2.7584222000876637e-18
1362.0,5.134335993537277e-15
1369.0,4.331818612699533e-18
1370.0,1.0820216246931507e-14
1377.0,-1.1523136919481942e-14
1406.0,7.661416869775881e-19
1437.0,-2.5671679967686386e-15
1438.0,-2.882540436096391e-14
1439.0,-1.9599941027100557e-15
1450.0,-1.1376517970776823e-16
1453.0,3.131429815437114e-17
1455.0,1.3520444141657251e-14
1456.0,-1.404508391453929e-18
1464.0,3.7852747571784327e-17
1470.0,-1.404508391453929e-18
1479.0,-1.404508391453929e-18
1480.0,-1.404508391453929e-18
1482.0,2.7584222000876637e-18
1489.0,3.2702771044817118e-15
1491.0,6.533551819445775e-18
1502.0,-1.6585455129048225e-14
1515.0,-6.086657307901037e-15
1516.0,-5.115397940481022e-15
1521.0,-6.086657307901037e-15
1527.0,2.1617069609139248e-14
1529.0,-5.115397940481022e-15
1537.0,9.059308579140928e-16
1547.0,-2.5432492585068123e-14
1567.0,-2.882540436096391e-14
1573.0,-1.889000587724731e-14
1574.0,-9.21597990961397e-15
1579.0,-1.6573273102255353e-14
1580.0,1.6573273102255353e-14
1581.0,-1.6573273102255353e-14
1582.0,1.6573273102255353e-14
1583.0,-1.6573273102255353e-14
1584.0,1.6573273102255353e-14
1585.0,-7.801551802619217e-15
1587.0,-7.801551802619217e-15
1589.0,-7.801551802619217e-15
1595.0,-7.801551802619217e-15
1607.0,-2.882540436096391e-14
1617.0,1.8229946897570758e-14
1626.0,-2.882540436096391e-14
1627.0,3.3693377537411697e-15
1630.0,3.1622931004363263e-16
1632.0,-3.1622931004363263e-16
1638.0,7.634489434177608e-15
1639.0,-2.1067194563304534e-14
1650.0,1.8229946897570758e-14
1651.0,1.8229946897570758e-14
1670.0,4.563239983135901e-15
1682.0,-1.9599941027100557e-15
1696.0,-2.66126150972845e-16
1714.0,-2.5671679967686386e-15
1728.0,-2.5864436331748366e-14
1733.0,2.321740752711102e-14
1748.0,-3.809160067522034e-15
1758.0,5.238632688088626e-16
1759.0,2.882540436096391e-14
1760.0,-2.882540436096391e-14
1762.0,6.265526021113656e-15
1766.0,9.664016849144876e-15
1767.0,-6.794739741038064e-15
1777.0,8.898535081364111e-15
1805.0,3.648226940745126e-15
1809.0,-2.1666689633057824e-16
1810.0,9.459148773827588e-16
1811.0,1.595028428685556e-14
1813.0,-5.872682368504199e-14
1819.0,-3.500480686511064e-16
1826.0,-1.0469611948591067e-14
1861.0,-5.69593274646696e-16
1862.0,-3.500480686511064e-16
1871.0,-5.69593274646696e-16
1872.0,-8.137046780667085e-16
1897.0,6.794739741038064e-15
1914.0,7.084543671165015e-16
1919.0,7.30237578024992e-15
1948.0,9.21597990961397e-15
1949.0,9.21597990961397e-15
1953.0,6.798385513603246e-15
1958.0,1.9727547005752112e-16
1960.0,-1.9727547005752112e-16
1975.0,-1.9727547005752112e-16
1976.0,-9.863773502876056e-17
1978.0,1.9727547005752112e-16
1980.0,-9.863773502876056e-17
1996.0,5.787911559432006e-16
1997.0,5.787911559432006e-16
1999.0,4.850328822475115e-16
2000.0,-0.9763344012968928
2010.0,-2.2287671696157342e-17
2019.0,-1.0268671987074554e-14
2024.0,-0.09263903443091578
2027.0,1.2314393904449565e-15
2028.0,-2.0102555508735586e-15
2032.0,-3.3693377537411697e-15
2034.0,2.2299061363973254e-15
2035.0,-2.3277992917634526e-14
2042.0,-6.794739741038064e-15
2060.0,-2.1511527369920103e-14
2064.0,-7.010625560456081e-15
2071.0,1.0240412664951322e-14
2085.0,1.930628237608948e-14
2086.0,-1.274397590159394e-15
2087.0,-4.539556549435337e-17
2101.0,2.52243967302069e-15
2103.0,-5.134335993537277e-15
2106.0,-0.02820437661882709
2107.0,0.02820437661882709
2112.0,4.539556549435337e-17
2119.0,2.536868805898317e-15
2121.0,0.19343995160805588
2131.0,-2.882540436096391e-14
2141.0,-1.0096420243521104e-14
2145.0,-2.5919497346935268e-14
2151.0,-1.2554189777861284e-14
2152.0,-4.5609023473252945e-17
2156.0,-2.9158489128460293e-17
2157.0,2.9158489128460293e-17
2166.0,-1.565714907718557e-17
2175.0,1.2835839983843193e-15
2177.0,1.2554189777861284e-14
2178.0,-1.2554189777861284e-14
2196.0,1.665795587618793e-15
2197.0,5.444843680495084e-17
2203.0,-2.3217407527111017e-14
2204.0,3.416700740976944e-14
2205.0,-2.3217407527111017e-14
2209.0,3.649189621461789e-15
2214.0,1.011112182876032e-15
2220.0,-2.5671679967686386e-15
2239.0,-9.863773502876057e-18
2271.0,-3.1622931004363263e-16
2276.0,3.867620282057702e-15
2289.0,4.9241255521305325e-15
2292.0,9.079113098870673e-17
2297.0,2.0102555508735586e-15
2351.0,-3.051978241129095e-14
2360.0,-2.5671679967686386e-15
2361.0,-5.134335993537277e-15
2383.0,-1.0469611948591067e-14
2416.0,1.9721522630525295e-31
2418.0,-1.4852771731114363e-30
2423.0,1.262177448353619e-29
2428.0,-1.5268978868355216e-14
2430.0,-2.5671679967686386e-15
2433.0,-0.1008009171771401
2436.0,4.116037099002562e-16
2439.0,0.8388822466951018
2458.0,8.643287509721685e-15
2473.0,1.2967624547458781e-14
2505.0,2.0551706456854197e-15
2514.0,5.085765916776022e-15
2516.0,5.010654326745097e-15
2541.0,-1.8938829354433227e-15
2543.0,2.7584222000876637e-18
2551.0,2.52243967302069e-15
2555.0,4.328086498772603e-15
2557.0,8.656172997545206e-15
2571.0,-7.222229877685942e-17
2575.0,1.889000587724731e-14
2579.0,-2.7488996536184916e-14
2603.0,2.7561218834961775e-14
2605.0,7.222229877685942e-17
2611.0,-2.7488996536184916e-14
2614.0,2.231646896917698e-14
2620.0,1.5798620776666818e-15
2633.0,-9.359916598554863e-16
2645.0,-2.6465435941491835e-14
2659.0,-2.7730254671745045e-16
2671.0,5.777783902148753e-16
2672.0,-7.222229877685942e-17
2673.0,7.222229877685942e-17
2677.0,7.838700365070232e-15
2679.0,6.500006889917348e-16
2685.0,2.1640432493863013e-14
2687.0,9.800380949787151e-16
2712.0,-1.5798620776666818e-15
2717.0,-1.5798620776666818e-15
2721.0,-0.6551965312528925
2730.0,-1.5798620776666816e-15
2733.0,-2.0312315268758633e-15
2739.0,3.647224998478494e-15
2740.0,-3.214318145581682e-14
2743.0,9.079113098870673e-17
2754.0,-9.013724091498447e-16
2758.0,-0.8767675379072513
2773.0,5.238632688088626e-16
2774.0,5.238632688088626e-16
2787.0,-5.134335993537277e-15
2804.0,-9.423778648487199e-16
2809.0,2.1483265931979272e-14
2812.0,1.7061657468639498e-17
2822.0,-5.134335993537277e-15
2823.0,1.9864359734410447e-15
2840.0,2.1640432493863015e-15
2849.0,4.331818612699533e-18
2852.0,-2.1640432493863015e-15
2866.0,-1.0820216246931507e-14
2868.0,-4.328086498772603e-15
2873.0,-4.328086498772603e-15
2876.0,-4.328086498772603e-15
2883.0,-5.123670023797192e-15
2887.0,8.96069988758221e-22
2906.0,1.8648175597346917e-15
2908.0,-1.9599941027100557e-15
2933.0,2.5671679967686386e-15
2989.0,6.7086858600581956e-15
2995.0,3.020114947158664e-15
2997.0,-5.3317755272008265e-15
2998.0,3.020114947158664e-15
2999.0,-5.3317755272008265e-15
3007.0,8.898535081364111e-15
3008.0,-5.134335993537277e-15
3009.0,5.134335993537277e-15
3010.0,-5.134335993537277e-15
3014.0,-5.134335993537277e-15
3016.0,-5.134335993537277e-15
3020.0,0.7895563849832109
3040.0,-1.4960247611137727e-15
3053.0,-8.102485264105351e-15
3062.0,5.123670023797192e-15
3064.0,-5.123670023797192e-15
3074.0,-7.166493604249865e-15
3079.0,-3.364921198693308e-16
3080.0,6.277094888930642e-17
3083.0,-2.1640432493863013e-14
3084.0,-5.807320233275939e-16
3087.0,5.444843680495084e-17
3089.0,-1.7251038225407403e-14
3125.0,-1.7111899506167665e-15
3126.0,1.7111899506167665e-15
3127.0,-1.778701030782652e-16
3139.0,1.2207723720591237e-15
3147.0,0.22812520835920072
3151.0,3.1622931004363263e-16
3170.0,-2.219559849459876e-17
3187.0,7.856925726404077e-15
3190.0,0.11197298080718941
3193.0,0.12742805234233912
3198.0,5.085765916776022e-15
3201.0,1.4029135128313796e-18
3204.0,1.595028428685556e-14
3206.0,5.085765916776022e-15
3208.0,1.595028428685556e-14
3212.0,1.800062414351366e-15
3230.0,-5.134335993537277e-15
3250.0,-1.0426604068504957e-15
3252.0,-2.3277992917634526e-14
3255.0,1.2207723720591237e-15
3258.0,2.3441108884334193e-14
3263.0,-4.372886897185173e-15
3270.0,6.798385513603246e-15
3276.0,-3.1609100972365295e-14
3279.0,4.372886897185173e-15
3283.0,-7.010625560456081e-15
3286.0,-4.255864199995744e-15
3294.0,-1.5798620776666816e-15
3300.0,-1.5798620776666816e-15
3302.0,3.159724155333363e-15
3316.0,0.8999781324746845
3319.0,-5.433549982107437e-15
3325.0,1.8918297547655177e-15
3337.0,5.977469166264813e-15
3361.0,-2.7488996536184916e-14
3364.0,6.798385513603246e-15
3365.0,6.798385513603246e-15
3369.0,6.798385513603246e-15
3373.0,-2.7204613377711432e-14
3396.0,-2.702656759463305e-14
3400.0,-6.778296391966598e-17
3405.0,-4.539556549435337e-17
3410.0,-2.3203128788772266e-14
3414.0,2.968485780759264e-15
3415.0,-1.8938829354433227e-15
3417.0,-6.778296391966598e-17
3419.0,-1.5183255085444804e-15
3430.0,8.524067328065654e-15
3437.0,3.1622931004363263e-16
3443.0,-6.794739741038064e-15
3449.0,1.447079583434497e-14
3462.0,-1.6573273102255353e-14
3465.0,-2.261602596917234e-14
3473.0,-1.9864359734410447e-15
3477.0,-2.1617069609139248e-14
3484.0,5.085765916776022e-15
3496.0,7.998352994662757e-15
3502.0,-1.8918297547655177e-15
3503.0,1.8918297547655177e-15
3530.0,5.165977223799773e-16
3537.0,8.17828894683669e-15
3540.0,2.85886114555501e-17
3544.0,-8.718540148305662e-14
3546.0,2.8117405418267183e-14
3547.0,3.411723797474498e-16
3548.0,-5.135262077374e-15
3556.0,-2.3203128788772266e-14
3563.0,6.7086858600581956e-15
3577.0,1.8918297547655177e-15
3586.0,-9.013724091498456e-16
3587.0,2.098067248858347e-15
3589.0,2.098067248858347e-15
3590.0,4.327446096330657e-14
3592.0,2.968485780759264e-15
3593.0,-1.0096420243521104e-14
3594.0,6.7086858600581956e-15
3598.0,6.277094888930642e-15
3602.0,-2.1658502127780134e-15
3603.0,-3.0152238369946658e-15
3604.0,-1.4243774662977047e-14
3605.0,1.2905519489756254e-14
3619.0,-2.9158489128460293e-17
3635.0,5.238632688088626e-16
3639.0,-2.7488996536184916e-14
3642.0,6.778296391966638e-17
3643.0,-2.1658502127780134e-15
3660.0,2.7204613377711432e-14
3662.0,9.21597990961397e-15
3714.0,4.966089933602612e-16
3727.0,-5.135262077374e-15
3728.0,-5.135262077374e-15
3731.0,4.331818612699533e-18
3741.0,-1.3170996949518362e-15
3743.0,-9.079113098870781e-17
3762.0,3.1609100972365295e-14
3765.0,-2.723733929661202e-16
3771.0,-2.874017336317408e-15
3777.0,-1.582029945861498e-14
3786.0,2.5919497346935268e-14
3790.0,-1.938221580206422e-15
3794.0,1.1614640466551878e-15
3807.0,-1.404508391453929e-18
3820.0,5.165977223799773e-16
3830.0,-2.1658502127780134e-15
3842.0,-2.7488996536184916e-14
3850.0,3.547312426538904e-16
3874.0,-4.0447464451221426e-17
3879.0,1.798648922043573e-14
3880.0,-2.4191709851098718e-15
3881.0,3.2284101887546205e-15
3882.0,-1.9347494227920713e-15
3883.0,5.207450457310854e-16
3884.0,-8.769483087022061e-15
3885.0,-3.4723468926141964e-17
3886.0,1.9085273909648226e-15
3887.0,5.183602618564215e-15
3888.0,4.531334440432081e-15
3891.0,-4.0458039347963093e-16
3893.0,-1.4744049534106564e-15
3896.0,-4.275721707028676e-15
3897.0,4.8334215947400436e-15
3902.0,-2.1700823999855774e-16
3903.0,-1.3170996949518362e-15
3907.0,-1.0471750627084576e-15
3922.0,5.741408347882305e-15
3931.0,-1.938221580206422e-15
3934.0,-1.853951076719186e-16
3938.0,-7.379287088698941e-15
3943.0,4.427203212686772e-15
3944.0,1.052320805122631e-17
3945.0,1.7241204606186243e-15
3946.0,1.3884934001905998e-15
3947.0,2.7359819661214383e-15
3950.0,1.052320805122631e-17
3951.0,1.58807797300811e-15
3954.0,-4.666663297010245e-16
3956.0,-1.404508391453929e-18
3960.0,-1.6725486354604362e-15
3961.0,1.0140692489203023e-14
3962.0,-3.037723617832797e-15
3963.0,-1.404508391453929e-18
3974.0,4.666663297010245e-16
3997.0,6.627089217726605e-16
4004.0,9.200859857643647e-16
4006.0,-5.742263168343338e-16
4010.0,-8.678388250440445e-15
4015.0,2.805814902014443e-16
4017.0,8.567501187868965e-17
4019.0,7.022541957269644e-17
4032.0,2.4411140342001256e-16
4033.0,3.852178123985261e-15
4035.0,-1.7172829444591834e-15
4037.0,-2.702656759463305e-14
4044.0,-5.134335993537277e-15
4046.0,5.872682368504199e-14
4050.0,-1.5765247956379315e-15
4052.0,-3.1530495912758626e-16
4056.0,5.112639518280934e-15
4065.0,3.4123217595956314e-17
4070.0,4.692487769512134e-15
4089.0,-0.49573151866210596
4106.0,0.8663676280468616
4110.0,1.001526337827372
4113.0,-0.9994461364341709
4119.0,0.17520003880048793
4133.0,-0.8986449591617817
4145.0,0.7518137581295743
4147.0,0.5248000261901866
4157.0,-0.21057323369942504
4160.0,-1.0387452282658236
4170.0,0.9107629931798691
4183.0,-0.07515138882253869
4186.0,0.6236117292489961
4206.0,-0.1056066754406273
4207.0,0.06548055189199614
4213.0,-0.011436695219533914
4221.0,0.6491113294462916
4232.0,0.2996563692737324
4269.0,-0.4691737037046292
4275.0,0.7908487469030065
4283.0,0.3440311393921313
4302.0,-0.09700301494847213
4305.0,-1.03187566668141
4314.0,0.527306641585315
4331.0,0.684446021152072
4334.0,-0.241089059155315
4340.0,-0.0031464994328728735
4376.0,-0.10201714562308178
4377.0,-0.29788248515150206
4382.0,-1.3202657064801226
4383.0,-0.14697530923813004
4395.0,0.8929441517163678
4415.0,0.7340144514686755
4424.0,-1.074054769881136
4433.0,-0.015275176279511396
4448.0,0.9565527888449705
4460.0,-0.12665048348520425
4463.0,0.4078395774466049
4473.0,-1.0794418597317519
4494.0,0.6997986029366153
4501.0,-0.6768439270324769
4505.0,0.07897759121229697
4513.0,-1.4011008474462443
4514.0,-0.04965444007501883
4529.0,-0.5205157785986776
4546.0,-0.5303587936898841
4547.0,-0.7143870980441503
4549.0,0.6239119187055515
4561.0,0.6753435736023385
4582.0,0.17093935530805304
4588.0,-0.6236117292489961
4594.0,-0.2241715530915338
4622.0,2.3603397939966865e-15
4635.0,-0.8767675379072538
4641.0,0.8767675379072513
4644.0,2.5770066903272647e-15
4648.0,-0.8767675379072513
4654.0,-0.22812520835920072
4705.0,-0.8663676280468616
4720.0,-2.1690551998089677e-18
4755.0,1.1142395244184786e-16
4770.0,-3.112490183432063e-17
4773.0,3.611114938842971e-16
4825.0,0.7238567270213063
4826.0,-0.49573151866210596
4831.0,2.1666689633057824e-16
4832.0,1.0334720061118005e-16
4849.0,5.114637880688748e-16
4878.0,5.466491457285052e-16
4879.0,-2.2702117136792206e-16
4891.0,1.9079261204721556e-14
4901.0,1.4907421736480997e-15
4906.0,2.121352091903272e-15
4910.0,-8.783580266763652e-17
4916.0,-4.031407617952228e-16
4919.0,1.853261205899305e-14
4923.0,5.165977223799773e-16
4943.0,4.4141054449182434e-16
4944.0,-2.1690551998089677e-18
4951.0,-2.179629488524825e-15
4973.0,-0.9399546249804938
4979.0,-6.7086858600581956e-15
4989.0,-6.798385513603246e-15
4993.0,-1.1102230246251565e-16
5005.0,3.271880654582507e-17
5007.0,3.271880654582507e-17
5008.0,3.271880654582507e-17
5017.0,1.404508391453929e-18
5028.0,-1.404508391453929e-18
5030.0,-5.134335993537277e-15
5034.0,1.1614640466551878e-15
5037.0,1.1614640466551878e-15
5045.0,-5.134335993537277e-15
5048.0,-5.134335993537277e-15
5066.0,-1.7111899506167665e-15
5069.0,-5.134335993537277e-15
5071.0,-5.134335993537277e-15
5099.0,1.5811465502181631e-16
5101.0,-6.695970655014317e-15
5102.0,-9.891738732198334e-16
5107.0,7.222229877685942e-17
5119.0,7.025426944126353e-17
5131.0,-5.134335993537277e-15
5190.0,-2.5671679967686386e-15
5192.0,-2.5671679967686386e-15
5195.0,-5.134335993537277e-15
5217.0,3.1622931004363263e-16
5227.0,2.231646896917698e-14
5256.0,7.222229877685942e-17
5258.0,-4.814819918457295e-17
5259.0,7.222229877685942e-17
5260.0,7.222229877685942e-17
5262.0,7.222229877685942e-17
5270.0,-5.134335993537277e-15
5293.0,-2.1640432493863015e-15
5305.0,-1.0708283365119336e-15
5307.0,-1.0708283365119336e-15
5313.0,-2.1640432493863015e-15
5314.0,-2.1640432493863015e-15
5315.0,-2.1640432493863015e-15
5316.0,-2.1640432493863015e-15
5318.0,6.419907449382045e-15
5319.0,-2.1640432493863015e-15
5320.0,-2.1640432493863015e-15
5321.0,7.222229877685942e-17
5322.0,7.222229877685942e-17
5323.0,2.1255958115254952e-14
5325.0,7.222229877685942e-17
5326.0,-7.222229877685942e-17
5327.0,7.222229877685942e-17
5331.0,-1.0418764871859305e-15
5332.0,-1.0418764871859305e-15
5333.0,-1.0418764871859305e-15
5334.0,-1.0418764871859305e-15
5344.0,7.222229877685942e-17
5349.0,-7.222229877685942e-17
5350.0,-7.222229877685942e-17
5352.0,7.222229877685942e-17
5362.0,2.3277992917634526e-14
5369.0,-5.134335993537277e-15
5376.0,4.328086498772603e-15
5381.0,-2.1640432493863015e-15
5382.0,-2.1640432493863015e-15
5398.0,-2.1640432493863015e-15
5431.0,7.222229877685942e-17
5432.0,7.222229877685942e-17
5436.0,4.216314644887543e-18
5441.0,1.889000587724731e-14
5444.0,4.216314644887543e-18
5448.0,4.216314644887543e-18
5451.0,1.665795587618793e-15
5453.0,5.134335993537277e-15
5456.0,1.8918297547655177e-15
5457.0,-1.7114453311790923e-15
5458.0,-2.5671679967686386e-15
5474.0,5.134335993537277e-15
5476.0,2.008791196504295e-14
5478.0,5.134335993537277e-15
5490.0,-1.0144924771890578e-15
5498.0,-7.222229877685942e-17
5503.0,-3.611114938842971e-17
5508.0,-2.7488996536184916e-14
5510.0,-2.7488996536184916e-14
5523.0,-5.878420134205447e-15
5532.0,-2.1640432493863015e-15
5533.0,-2.1640432493863015e-15
5547.0,-5.134335993537277e-15
5556.0,7.222229877685942e-17
5558.0,7.222229877685942e-17
5562.0,-2.231646896917698e-14
5569.0,1.3450821653509873e-15
5577.0,-1.0088116240132403e-15
5578.0,1.902453559927259e-16
5592.0,1.902453559927259e-16
5593.0,-1.0088116240132403e-15
5611.0,-1.3520444141657251e-14
5616.0,-2.1511527369920103e-14
5620.0,-2.1511527369920103e-14
5629.0,5.134335993537277e-15
5669.0,2.1666689633057824e-16
5671.0,-4.814819918457295e-17
5672.0,7.222229877685942e-17
5678.0,1.889000587724731e-14
5680.0,7.222229877685942e-17
5682.0,7.222229877685942e-17
5686.0,1.4444459755371884e-16
5688.0,1.4444459755371884e-16
5690.0,7.222229877685942e-17
5692.0,7.222229877685942e-17
5693.0,7.222229877685942e-17
5695.0,-2.9675216196595003e-15
5702.0,7.222229877685942e-17
5706.0,7.222229877685942e-17
5716.0,-4.539556549435337e-17
5721.0,-4.539556549435337e-17
5739.0,-4.9067681873763953e-17
5744.0,-7.398483060208433e-16
5747.0,-7.398483060208433e-16
5752.0,-7.398483060208433e-16
5754.0,-7.398483060208433e-16
5802.0,2.0711138751225154e-14
5813.0,1.7061657468639498e-17
5815.0,1.7061657468639498e-17
5817.0,1.7061657468639498e-17
5819.0,1.7061657468639498e-17
5822.0,-7.398483060208433e-16
5824.0,-7.398483060208433e-16
5826.0,-7.398483060208433e-16
5828.0,-7.398483060208433e-16
5830.0,5.13394102595926e-18
5832.0,-7.398483060208433e-16
5834.0,-7.398483060208433e-16
5836.0,5.13394102595926e-18
5846.0,2.374984809442888e-14
5857.0,-1.5728307436513991e-15
5878.0,2.3277992917634526e-14
5885.0,3.271880654582507e-17
5887.0,1.404508391453929e-18
5889.0,-1.565714907718557e-17
5909.0,1.4444459755371884e-16
5913.0,7.222229877685942e-17
5917.0,2.3277992917634526e-14
5918.0,7.222229877685942e-17
5926.0,2.874017336317408e-15
5929.0,-0.6551965312528925
5935.0,7.222229877685942e-17
5936.0,-1.8102401851725116e-15
5937.0,1.4444459755371884e-16
5939.0,7.222229877685942e-17
5940.0,7.222229877685942e-17
5942.0,7.222229877685942e-17
5947.0,-7.222229877685942e-17
5948.0,-7.222229877685942e-17
5949.0,-7.222229877685942e-17
5950.0,-4.856273620905925e-15
5951.0,4.134050633137331e-15
5952.0,1.4444459755371884e-16
5955.0,-7.222229877685942e-17
5956.0,-1.8918297547655177e-15
5957.0,3.9173837368067525e-15
5958.0,-1.4444459755371884e-16
5959.0,7.222229877685942e-17
5960.0,4.0618283343604715e-15
5961.0,7.222229877685942e-17
5962.0,-7.222229877685942e-17
5963.0,3.9173837368067525e-15
5965.0,3.9173837368067525e-15
5968.0,3.9173837368067525e-15
5971.0,3.9173837368067525e-15
5985.0,7.222229877685942e-17
5987.0,7.222229877685942e-17
5994.0,-5.134335993537277e-15
5998.0,1.405438214962514e-17
6004.0,3.9173837368067525e-15
6005.0,3.9173837368067525e-15
6006.0,3.9173837368067525e-15
6007.0,3.9173837368067525e-15
6008.0,3.9173837368067525e-15
6009.0,3.9173837368067525e-15
6010.0,3.9173837368067525e-15
6011.0,3.9173837368067525e-15
6012.0,3.9173837368067525e-15
6013.0,3.9173837368067525e-15
6014.0,3.9173837368067525e-15
6026.0,-3.611114938842971e-17
6028.0,7.222229877685942e-17
6029.0,3.611114938842971e-17
6031.0,-3.611114938842971e-17
6034.0,-3.611114938842971e-17
6039.0,7.222229877685942e-17
6057.0,7.222229877685942e-17
6060.0,7.222229877685942e-17
6074.0,5.044058120066202e-16
6076.0,2.4074099592286474e-17
6077.0,7.222229877685942e-17
6078.0,7.222229877685942e-17
6086.0,1.405438214962514e-17
6091.0,7.222229877685942e-17
6093.0,3.611114938842971e-17
6099.0,7.222229877685942e-17
6100.0,1.4444459755371884e-16
6101.0,1.4444459755371884e-16
6102.0,5.7905986417652815e-15
6104.0,1.4444459755371884e-16
6107.0,7.222229877685942e-17
6108.0,-1.4444459755371884e-16
6109.0,7.222229877685942e-17
6110.0,7.222229877685942e-17
6113.0,7.222229877685942e-17
6115.0,7.222229877685942e-17
6116.0,7.222229877685942e-17
6117.0,-7.222229877685942e-17
6118.0,7.222229877685942e-17
6119.0,7.222229877685942e-17
6120.0,7.222229877685942e-17
6121.0,7.222229877685942e-17
6124.0,7.222229877685942e-17
6130.0,3.703186905200846e-15
6131.0,-2.8888919510743767e-16
6133.0,1.2037049796143237e-17
6137.0,7.222229877685942e-17
6139.0,7.222229877685942e-17
6141.0,7.222229877685942e-17
6142.0,2.1666689633057824e-16
6146.0,7.222229877685942e-17
6149.0,7.222229877685942e-17
6150.0,7.222229877685942e-17
6153.0,-7.222229877685942e-17
6161.0,7.222229877685942e-17
6164.0,7.222229877685942e-17
6167.0,7.222229877685942e-17
6171.0,7.222229877685942e-17
6172.0,7.222229877685942e-17
6176.0,7.222229877685942e-17
6180.0,7.222229877685942e-17
6183.0,7.222229877685942e-17
6186.0,7.222229877685942e-17
6203.0,7.222229877685942e-17
6207.0,-7.222229877685942e-17
6220.0,7.222229877685942e-17
6233.0,-5.134335993537277e-15
6234.0,-5.134335993537277e-15
6297.0,5.878420134205447e-15
6303.0,-7.222229877685942e-17
6304.0,-3.611114938842971e-16
6354.0,2.3217407527111017e-14
6368.0,-0.5723049915214637
6369.0,1.889000587724731e-14
6391.0,2.82942630904238e-14
6409.0,5.622150653474538e-15
6412.0,-6.051401083236964e-15
6447.0,-2.267211243694926e-14
6448.0,-7.72328966978913e-17
6462.0,1.565714907718557e-17
6505.0,5.112639518280934e-15
6519.0,2.267211243694926e-14
6537.0,2.267211243694926e-14
6538.0,-2.82942630904238e-14
6539.0,2.82942630904238e-14
6540.0,-2.82942630904238e-14
6554.0,-5.622150653474538e-15
6586.0,-5.622150653474538e-15
6590.0,1.3520444141657251e-14
6615.0,5.0381650437831305e-15
6620.0,5.0381650437831305e-15
6628.0,-1.565714907718557e-17
6651.0,-2.267211243694926e-14
6654.0,-2.267211243694926e-14
6672.0,5.622150653474538e-15
6673.0,-5.622150653474538e-15
6686.0,1.3520444141657251e-14
6687.0,1.3520444141657251e-14
6688.0,1.3520444141657251e-14
6696.0,-2.267211243694926e-14
6703.0,2.267211243694926e-14
6705.0,2.267211243694926e-14
6712.0,1.8918297547655177e-15
6718.0,0.9295418795017418
6763.0,0.047672892272907275
6785.0,0.8388822466951018
6798.0,2.8707041739411526e-15
6812.0,0.04420673366465805
6816.0,0.732316101838044
6826.0,0.03665559108334365
6834.0,-0.4730225419109243
6841.0,0.9686564016760097
6846.0,-6.778296391966598e-17
6892.0,6.778296391966598e-17
6902.0,2.8398992587956425e-29
6905.0,-2.1640432493863013e-14
6915.0,-0.9466198816348399
6916.0,-4.037688720667894e-15
6919.0,-3.389148195983299e-17
6936.0,-6.778296391966598e-17
6937.0,-4.037688720667894e-15
6938.0,2.1640432493863013e-14
6940.0,-6.778296391966598e-17
6941.0,3.840604129399294e-15
6945.0,6.778296391966598e-17
6947.0,-5.1721969124726684e-15
6948.0,-2.2514486854560583e-14
6950.0,-2.3217407527111017e-14
6960.0,-0.8999781324746924
7019.0,2.2548243005252675e-14
7020.0,-3.020114947158664e-15
7022.0,-2.5580740492330085e-17
7043.0,3.020114947158664e-15
7065.0,0.5939200845806076
7071.0,-0.5395539892448972
7072.0,1.1947011507557367e-15
7110.0,2.6465435941491835e-14
7118.0,2.1640432493863013e-14
7120.0,-0.17012942827469502
7124.0,-1.0820216246931507e-14
7129.0,4.385860649818068e-15
7146.0,-5.546678239835239e-32
7149.0,-2.7584222000876637e-18
7150.0,5.134335993537277e-15
7154.0,6.567998805616942e-15
7155.0,1.4444459755371884e-16
7183.0,2.5919497346935268e-14
7192.0,0.24821754355865866
7215.0,-0.24821754355863546
7229.0,3.3487005598022295e-14
7237.0,7.379287088698941e-15
7238.0,1.4045083914539288e-14
7240.0,2.5919497346935268e-14
7267.0,-5.142403541900122e-15
7280.0,-5.286474105309906e-16
7298.0,6.154746687596965e-15
7300.0,-3.87094122790992e-15
7316.0,-2.3603397939966865e-15
7331.0,5.085765916776022e-15
7338.0,9.036995099949349e-15
7346.0,-3.87094122790992e-15
7356.0,2.2299061363973254e-15
7361.0,5.878420134205447e-15
7363.0,5.878420134205447e-15
7367.0,-3.611114938842971e-17
7376.0,-2.1666689633057824e-16
7390.0,-1.4444459755371884e-16
7397.0,-7.222229877685942e-17
7416.0,-1.5728307436513991e-15
7428.0,-2.82942630904238e-14
7443.0,5.085765916776022e-15
7446.0,9.036995099949349e-15
7456.0,2.2299061363973254e-15
7459.0,-3.611114938842971e-17
7467.0,-1.4444459755371884e-16
7528.0,-0.24821754355863546
7540.0,0.24821754355865353
7555.0,-5.286474105309906e-16
7578.0,3.3487101980256284e-14
7598.0,-7.222229877685942e-17
7600.0,-1.4444459755371884e-16
7602.0,-7.379287088698941e-15
7610.0,-3.87094122790992e-15
7637.0,7.222229877685942e-17
7654.0,-1.4444459755371884e-16
7670.0,-7.222229877685942e-17
7672.0,-1.4444459755371884e-16
7674.0,-7.222229877685942e-17
7679.0,3.153049591275863e-15
7680.0,3.153049591275863e-15
7681.0,3.153049591275863e-15
7682.0,3.153049591275863e-15
7697.0,-1.7061657468639498e-17
7724.0,-0.8663676280468616
7727.0,6.567998805616942e-15
7757.0,1.236511134404088e-16
7766.0,1.957452996270442e-15
7769.0,1.236511134404088e-16
7776.0,1.957452996270442e-15
7913.0,-4.7774959084148725e-14
8155.0,4.7774959084148725e-14
8397.0,4.7774959084148725e-14
8511.0,7.379287088698941e-15
8514.0,2.5919497346935268e-14
8562.0,0.9295418795017418
8567.0,7.379287088698941e-15
8569.0,1.4045083914539288e-14
8571.0,-9.972009579322896e-17
8572.0,2.5919497346935268e-14
8574.0,-5.758484404961108e-17
8587.0,-3.010006111517501e-14
8590.0,8.643287509721685e-15
8592.0,-4.414269427786208e-15
8597.0,2.039441226995213e-14
8598.0,8.045871446514532e-16
8602.0,-1.3520444141657251e-14
8604.0,1.853951076719186e-16
8609.0,3.6384861440427443e-14
8617.0,5.134335993537277e-15
8618.0,5.134335993537277e-15
8635.0,2.2299061363973254e-15
8700.0,7.838700365070232e-15
8708.0,-7.838700365070232e-15
8732.0,2.1640432493862985e-14
8736.0,2.1954520599558956e-16
8743.0,3.147761590864155e-28
8793.0,1.2314393904449565e-15
8797.0,1.798648922043573e-14
8801.0,4.273955673551915e-14
8805.0,-4.1077880653443165e-15
8808.0,5.134335993537276e-15
8812.0,2.2299061363973254e-15
8813.0,-2.3099936504586746e-14
8818.0,5.872682368504199e-14
8819.0,-7.581642437669968e-16
8843.0,-5.872682368504199e-14
8844.0,7.511159003092548e-17
8848.0,2.5580740492330085e-17
8869.0,-1.4631921605456932e-13
8870.0,1.3556592783933197e-16
8877.0,-4.1077880653443165e-15
8880.0,1.7730041556710458e-15
8882.0,-1.7730041556710458e-15
8883.0,2.2299061363973254e-15
8889.0,2.929437129842205e-14
8890.0,3.867620282057702e-15
8906.0,-9.404988119661554e-16
8909.0,-2.7204613377711432e-14
8910.0,-9.042597749533059e-17
8923.0,1.0477265376177253e-15
8924.0,-2.8246644760804327e-14
8925.0,-2.1644525988393324e-14
8927.0,5.324315970070314e-14
8937.0,-4.327446096330657e-14
8939.0,-5.713097938591624e-16
8946.0,1.8354103179682892e-13
8949.0,-6.778296391966598e-17
8954.0,-8.07730139982765e-15
8962.0,4.7893105616214835e-14
8963.0,-5.085765916776022e-15
8964.0,-9.042597749533059e-17
8966.0,-3.1516860668340403e-16
8975.0,1.7686723370583461e-15
8976.0,5.807320233275939e-16
8978.0,-1.7730041556710458e-15
8981.0,-1.7730041556710458e-15
8982.0,-1.7730041556710458e-15
8991.0,2.2299061363973254e-15
8992.0,4.1077880653443165e-15
8996.0,-4.224863727931234e-14
9002.0,-1.0585721562575525e-16
9006.0,8.009518435907983e-15
9025.0,-5.872682368504199e-14
9026.0,-9.042597749533059e-17
9028.0,-3.1516860668340403e-16
9040.0,-4.331818612699533e-18
9046.0,5.319012467013137e-15
9047.0,5.238632688088626e-16
9057.0,-1.798648922043573e-14
9066.0,2.4868995751603507e-14
9067.0,-4.1663554315729273e-16
9080.0,1.3509920933606024e-14
9082.0,5.319012467013137e-15
9083.0,-1.3473176916666909e-14
9084.0,-1.3473176916666909e-14
9085.0,5.238632688088626e-16
9087.0,-0.9466198816347918
9091.0,-2.155548823075613e-14
9093.0,2.4160035304884773e-14
9094.0,1.0146693647388872e-16
9095.0,4.1663554315729273e-16
9096.0,-5.134335993537277e-15
9097.0,-5.238632688088626e-16
9098.0,2.929437129842205e-14
9118.0,5.238632688088626e-16
9126.0,-1.733143734602235e-14
9130.0,-7.36437651070831e-15
9144.0,2.929437129842205e-14
9149.0,1.0697371835438687e-15
9154.0,1.656889129439319e-16
9155.0,-1.656889129439319e-16
9161.0,2.1640432493863013e-14
9170.0,6.512424778248056e-14
9175.0,-6.778296391966598e-17
9177.0,9.800380949787151e-16
9181.0,-9.800380949787151e-16
9182.0,9.800380949787151e-16
9221.0,2.5224396730206905e-15
9222.0,2.5224396730206905e-15
9223.0,2.5224396730206905e-15
9224.0,2.5224396730206905e-15
9234.0,-2.0102555508735586e-15
9235.0,-2.0102555508735586e-15
9236.0,-2.0102555508735586e-15
9237.0,-2.0102555508735586e-15
9304.0,-1.447079583434497e-14
9316.0,1.7061657468639498e-17
9345.0,-5.142403541900122e-15
9374.0,-0.04607231645581142
9424.0,5.286474105309906e-16
9447.0,0.046072316455844906
9501.0,1.5728307436513991e-15
9502.0,-1.0240412664951322e-14
9508.0,1.889000587724731e-14
9531.0,0.5262735424622244
9537.0,-1.4444459755371884e-16
9553.0,0.5262735424622627
9560.0,1.8918297547655177e-15
9568.0,7.357394898116121e-16
9581.0,2.7488996536184916e-14
9582.0,2.7488996536184916e-14
9583.0,2.7488996536184916e-14
9587.0,-9.558208459547965e-16
9596.0,1.5728307436513991e-15
9599.0,-1.0240412664951322e-14
9600.0,-1.0240412664951322e-14
9612.0,1.889000587724731e-14
9634.0,-1.665795587618793e-15
9648.0,-9.698341796192201e-15
9649.0,-3.4833907525797852e-15
9650.0,-5.5341133134126065e-15
9659.0,2.0312315268758633e-15
9661.0,1.3071014695190623e-15
9662.0,1.3071014695190623e-15
9664.0,1.3071014695190623e-15
9673.0,-1.4444459755371884e-16
9686.0,5.134335993537277e-15
9687.0,5.134335993537277e-15
9723.0,3.83026943495679e-14
9754.0,5.444843680495084e-17
9759.0,8.668762323805931e-18
9772.0,4.3310556335955395e-15
9784.0,-5.072462385945289e-16
9814.0,4.063507657025344e-15
9815.0,4.063507657025344e-15
9819.0,-7.166493604249865e-15
9823.0,2.3217407527111017e-14
9836.0,-2.3217407527111017e-14
9844.0,2.3217407527111017e-14
9869.0,-9.359916598554863e-16
9870.0,-2.3217407527111017e-14
9876.0,-2.3217407527111017e-14
9879.0,7.222229877685942e-17
9881.0,2.66126150972845e-16
9892.0,-9.359916598554863e-16
9936.0,-5.134335993537277e-15
9979.0,-4.2317529523013327e-16
9980.0,4.648719052617357e-17
10007.0,2.267211243694926e-14
10008.0,2.267211243694926e-14
10013.0,1.404508391453929e-18
10019.0,-1.404508391453929e-18
10024.0,-1.404508391453929e-18
10029.0,-2.219559849459876e-17
10034.0,-2.969595790789337e-16
10041.0,-1.404508391453929e-18
10044.0,-1.565714907718557e-17
10047.0,1.565714907718557e-17
10049.0,-1.565714907718557e-17
10052.0,-5.246397728820369e-16
10060.0,1.404508391453929e-18
10072.0,1.565714907718557e-17
10082.0,-1.404508391453929e-18
10096.0,0.9579494111877597
10099.0,0.9579494111877597
10106.0,8.567501187868965e-17
10108.0,1.404508391453929e-18
10112.0,1.404508391453929e-18
10114.0,1.404508391453929e-18
10129.0,-1.565714907718557e-17
10134.0,-1.404508391453929e-18
10135.0,2.1666689633057824e-16
10137.0,1.4244771834955586e-16
10141.0,1.404508391453929e-18
10145.0,1.404508391453929e-18
10149.0,-4.164520950434569e-15
10151.0,1.404508391453929e-18
10157.0,1.404508391453929e-18
10159.0,3.839240511779164e-15
10167.0,2.432124716092372e-14
10169.0,-6.538449417413189e-18
10170.0,1.052320805122631e-17
10171.0,8.643866618749658e-17
10173.0,9.464790360238e-15
10174.0,1.052320805122631e-17
10176.0,2.0507092749578697e-16
10177.0,1.052320805122631e-17
10178.0,1.052320805122631e-17
10179.0,1.052320805122631e-17
10180.0,1.052320805122631e-17
10181.0,4.083695757803649e-16
10183.0,1.052320805122631e-17
10184.0,1.052320805122631e-17
10185.0,1.052320805122631e-17
10187.0,1.052320805122631e-17
10188.0,1.052320805122631e-17
10189.0,1.052320805122631e-17
10190.0,1.052320805122631e-17
10191.0,-6.538449417413189e-18
10192.0,1.052320805122631e-17
10193.0,1.052320805122631e-17
10194.0,1.052320805122631e-17
10195.0,1.052320805122631e-17
10196.0,1.052320805122631e-17
10197.0,1.052320805122631e-17
10198.0,1.052320805122631e-17
10200.0,1.052320805122631e-17
10201.0,6.99091573180417e-17
10202.0,3.315647069352024e-17
10203.0,1.9697818124726685e-16
10204.0,1.3493415323564765e-16
10206.0,1.052320805122631e-17
10207.0,1.052320805122631e-17
10208.0,2.7930065569783316e-16
10209.0,1.052320805122631e-17
10210.0,1.052320805122631e-17
10211.0,1.052320805122631e-17
10213.0,4.3934214808898315e-17
10214.0,2.5086690182415716e-16
10215.0,1.6989854520453152e-17
10216.0,1.052320805122631e-17
10218.0,4.7167538043511726e-17
10219.0,1.052320805122631e-17
10220.0,1.052320805122631e-17
10221.0,1.052320805122631e-17
10226.0,-7.899351560345972e-19
10229.0,2.5671679967686386e-15
10232.0,1.0777744115378065e-14
10236.0,2.5671679967686386e-15
10243.0,8.643287509721685e-15
10245.0,-3.647224998478494e-15
10246.0,1.0777744115378065e-14
10247.0,2.1640432493863015e-15
10250.0,2.5671679967686386e-15
10252.0,1.0777744115378065e-14
10256.0,2.5671679967686386e-15
10260.0,-9.535638556186525e-16
10268.0,-1.0777744115378065e-14
10269.0,-2.155548823075613e-14
10274.0,-2.164833184542336e-15
10277.0,5.10702591327572e-15
10279.0,1.700429751578237e-14
10280.0,1.700429751578237e-14
10281.0,1.700429751578237e-14
10287.0,1.0777744115378065e-14
10288.0,1.0820216246931507e-15
10290.0,2.5671679967686386e-15
10293.0,2.1640432493863015e-15
10298.0,1.0777744115378065e-14
10299.0,-1.0820216246931507e-15
10302.0,2.5671679967686386e-15
10311.0,-6.567998805616942e-15
10316.0,-5.134335993537277e-15
10317.0,-5.134335993537277e-15
10325.0,-1.695188150599736e-14
10329.0,-2.3217407527111017e-14
10334.0,-5.134335993537277e-15
10336.0,5.135262077374e-15
10337.0,-9.664016849144876e-15
10338.0,9.664016849144876e-15
10339.0,5.60496201921034e-15
10353.0,-1.5268978868355216e-14
10381.0,-1.4960247611137727e-15
10382.0,-1.4960247611137727e-15
10383.0,-1.4960247611137727e-15
10384.0,-1.4960247611137727e-15
10385.0,-4.815040324461111e-14
10412.0,9.322661248675926e-15
10413.0,9.322661248675926e-15
10421.0,7.634489434177608e-15
10422.0,-1.8229946897570758e-14
10423.0,-1.8229946897570758e-14
10424.0,2.5864436331748366e-14
10429.0,1.6881718144983178e-15
10430.0,1.6881718144983178e-15
10438.0,7.222229877685942e-17
10439.0,7.222229877685942e-17
10440.0,7.222229877685942e-17
10441.0,7.222229877685942e-17
10442.0,7.222229877685942e-17
10443.0,7.222229877685942e-17
10444.0,7.222229877685942e-17
10445.0,7.222229877685942e-17
10446.0,7.222229877685942e-17
10448.0,7.222229877685942e-17
10450.0,7.222229877685942e-17
10452.0,7.222229877685942e-17
10454.0,7.222229877685942e-17
10459.0,1.4444459755371884e-16
10460.0,7.222229877685942e-17
10461.0,-2.9675216196595003e-15
10462.0,-2.9675216196595003e-15
10464.0,1.4444459755371884e-16
10472.0,1.4444459755371884e-16
10473.0,2.132818041403181e-14
10475.0,1.4444459755371884e-16
10476.0,2.132818041403181e-14
10479.0,2.4074099592286474e-17
10480.0,1.4444459755371884e-16
10481.0,-2.8888919510743767e-16
10482.0,2.4074099592286474e-17
10483.0,7.222229877685942e-17
10484.0,7.222229877685942e-17
10485.0,7.222229877685942e-17
10486.0,7.222229877685942e-17
10487.0,7.222229877685942e-17
10489.0,7.222229877685942e-17
10490.0,7.222229877685942e-17
10491.0,7.222229877685942e-17
10492.0,7.222229877685942e-17
10493.0,7.222229877685942e-17
10494.0,7.222229877685942e-17
10495.0,7.222229877685942e-17
10496.0,7.222229877685942e-17
10500.0,2.9158489128460293e-17
10502.0,7.222229877685942e-17
10503.0,7.222229877685942e-17
10504.0,7.222229877685942e-17
10510.0,7.222229877685942e-17
10517.0,7.222229877685942e-17
10518.0,7.222229877685942e-17
10520.0,7.222229877685942e-17
10521.0,-7.222229877685942e-17
10522.0,7.222229877685942e-17
10523.0,7.222229877685942e-17
10524.0,-1.4444459755371884e-16
10525.0,-7.222229877685942e-17
10528.0,3.9173837368067525e-15
10529.0,3.611114938842971e-16
10530.0,4.20627293191419e-15
10531.0,7.222229877685942e-17
10532.0,1.4444459755371884e-16
10533.0,7.222229877685942e-17
10534.0,-7.222229877685942e-17
10535.0,-7.222229877685942e-17
10536.0,-7.222229877685942e-17
10564.0,-1.4444459755371884e-16
10565.0,-7.222229877685942e-17
10567.0,2.8888919510743767e-16
10569.0,-7.222229877685942e-17
10570.0,2.1666689633057824e-16
10571.0,7.222229877685942e-17
10573.0,-7.222229877685942e-17
10574.0,-7.222229877685942e-17
10575.0,-7.222229877685942e-17
10576.0,-1.4444459755371884e-16
10577.0,-7.222229877685942e-17
10578.0,-1.4444459755371884e-16
10579.0,-7.222229877685942e-17
10580.0,7.222229877685942e-17
10582.0,4.692487769512134e-15
10599.0,-2.5671679967686386e-15
10600.0,1.6113471508138421e-15
10601.0,1.6113471508138421e-15
10605.0,1.665795587618793e-15
10606.0,1.665795587618793e-15
10607.0,1.665795587618793e-15
10609.0,1.665795587618793e-15
10610.0,1.665795587618793e-15
10611.0,1.665795587618793e-15
10612.0,1.665795587618793e-15
10613.0,1.665795587618793e-15
10614.0,1.665795587618793e-15
10615.0,1.665795587618793e-15
10616.0,1.665795587618793e-15
10635.0,-9.036995099949349e-15
10638.0,-2.7488996536184916e-14
10639.0,-2.7488996536184916e-14
10691.0,2.7488996536184916e-14
10697.0,2.231646896917698e-14
10724.0,1.4444459755371884e-16
10725.0,1.6409356811755031e-15
10728.0,1.6389676518399071e-15
10730.0,1.6389676518399071e-15
10749.0,-1.5728307436513991e-15
10751.0,-1.5728307436513991e-15
10795.0,3.271880654582507e-17
10827.0,2.3600106886052687e-17
10832.0,3.271880654582507e-17
10837.0,-1.565714907718557e-17
10838.0,-1.565714907718557e-17
10839.0,-1.565714907718557e-17
10840.0,1.565714907718557e-17
10846.0,9.46992430126396e-15
10849.0,-9.868178431819101e-21
10850.0,1.565714907718557e-17
10854.0,-1.781892223832459e-14
10855.0,5.13394102595926e-18
10857.0,1.565714907718557e-17
10858.0,1.565714907718557e-17
10859.0,1.565714907718557e-17
10860.0,1.565714907718557e-17
10865.0,3.131429815437114e-17
10866.0,3.131429815437114e-17
10867.0,3.131429815437114e-17
10868.0,3.131429815437114e-17
10869.0,1.565714907718557e-17
10870.0,1.565714907718557e-17
10871.0,1.565714907718557e-17
10872.0,1.565714907718557e-17
10873.0,3.271946394576599e-17
10874.0,1.565714907718557e-17
10875.0,1.565714907718557e-17
10876.0,1.565714907718557e-17
10877.0,1.565714907718557e-17
10882.0,5.67117916060006e-15
10884.0,-2.352814595083513e-17
10886.0,5.13394102595926e-18
10887.0,4.148863801357384e-15
10888.0,4.148863801357384e-15
10889.0,4.148863801357384e-15
10890.0,4.148863801357384e-15
10894.0,7.222229877685942e-17
10895.0,-3.611114938842971e-17
10896.0,3.611114938842971e-17
10898.0,1.4444459755371884e-16
10900.0,3.3085659363308793e-15
10914.0,-1.4444459755371884e-16
10915.0,1.4444459755371884e-16
10917.0,-5.7905986417652815e-15
10918.0,-5.330538884543855e-16
10920.0,1.4444459755371884e-16
10921.0,-1.4444459755371884e-16
10922.0,1.4444459755371884e-16
10925.0,1.4444459755371884e-16
10929.0,1.565714907718557e-17
10930.0,1.565714907718557e-17
10931.0,-1.565714907718557e-17
10941.0,-1.565714907718557e-17
10964.0,-4.6971447231556705e-17
10972.0,-1.565714907718557e-17
11004.0,1.800062414351366e-15
11007.0,-1.565714907718557e-17
11008.0,-1.565714907718557e-17
11009.0,1.565714907718557e-17
11010.0,-1.565714907718557e-17
11011.0,-1.565714907718557e-17
11012.0,1.565714907718557e-17
11025.0,4.133206652280198e-15
11026.0,4.133206652280198e-15
11027.0,-4.133206652280198e-15
11041.0,1.565714907718557e-17
11042.0,1.565714907718557e-17
11043.0,-1.7061657468639498e-17
11053.0,-1.7102052851428203e-14
11054.0,1.7102052851428203e-14
11062.0,4.6971447231556705e-17
11063.0,4.6971447231556705e-17
11074.0,1.565714907718557e-17
11075.0,1.565714907718557e-17
11094.0,-1.800062414351366e-15
11095.0,1.800062414351366e-15
11098.0,-7.714456922821831e-15
11099.0,-7.714456922821831e-15
11106.0,-5.13394102595926e-18
11107.0,-5.13394102595926e-18
11108.0,5.13394102595926e-18
11137.0,-2.219559849459876e-17
11138.0,2.219559849459876e-17
11141.0,-1.7061657468639498e-17
11142.0,-1.7061657468639498e-17
11162.0,1.565714907718557e-17
11175.0,6.434348041275296e-15
11179.0,-7.714456922821831e-15
11189.0,-1.565714907718557e-17
11194.0,-9.059308579140928e-16
11195.0,-5.04635695737885e-15
11232.0,-1.7102052851428203e-14
11233.0,-1.7102052851428203e-14
11234.0,-1.7102052851428203e-14
11235.0,-1.7102052851428203e-14
11258.0,-1.565714907718557e-17
11259.0,-1.565714907718557e-17
11260.0,-1.565714907718557e-17
11261.0,-1.565714907718557e-17
11262.0,-1.565714907718557e-17
11263.0,-1.565714907718557e-17
11264.0,-1.565714907718557e-17
11265.0,-1.565714907718557e-17
11266.0,-1.565714907718557e-17
11294.0,-3.9173837368067525e-15
11360.0,4.133206652280198e-15
11364.0,1.800062414351366e-15
11366.0,-1.565714907718557e-17
11367.0,-1.565714907718557e-17
11388.0,-1.4045083914539288e-14
11389.0,-1.404508391453929e-18
11390.0,-1.404508391453929e-18
11391.0,-1.1376517970776823e-16
11392.0,-1.404508391453929e-18
11393.0,-1.404508391453929e-18
11394.0,-1.404508391453929e-18
11395.0,-1.404508391453929e-18
11396.0,-5.70230406930295e-16
11398.0,-1.404508391453929e-18
11399.0,-1.404508391453929e-18
11400.0,-1.404508391453929e-18
11401.0,-1.404508391453929e-18
11402.0,-1.404508391453929e-18
11403.0,-1.404508391453929e-18
11404.0,-1.404508391453929e-18
11405.0,-1.404508391453929e-18
11406.0,3.7852747571784327e-17
11407.0,-1.404508391453929e-18
11408.0,-1.404508391453929e-18
11409.0,-1.404508391453929e-18
11410.0,-1.404508391453929e-18
11411.0,-1.404508391453929e-18
11412.0,-1.404508391453929e-18
11413.0,-1.404508391453929e-18
11414.0,-1.404508391453929e-18
11415.0,-1.404508391453929e-18
11416.0,-1.404508391453929e-18
11418.0,-1.404508391453929e-18
11419.0,-1.404508391453929e-18
11420.0,-1.404508391453929e-18
11421.0,-8.567501187868965e-17
11422.0,-1.404508391453929e-18
11423.0,-1.404508391453929e-18
11424.0,-9.972009579322896e-17
11425.0,-1.404508391453929e-18
11426.0,-1.404508391453929e-18
11427.0,-1.404508391453929e-18
11428.0,-5.758484404961108e-17
11429.0,-1.404508391453929e-18
11430.0,-1.404508391453929e-18
11431.0,-1.404508391453929e-18
11432.0,-1.404508391453929e-18
11433.0,-1.404508391453929e-18
11434.0,-7.022541957269644e-17
11435.0,-1.404508391453929e-18
11436.0,-1.404508391453929e-18
11438.0,-1.404508391453929e-18
11439.0,-1.404508391453929e-18
11440.0,-1.404508391453929e-18
11441.0,-1.404508391453929e-18
11449.0,-1.565714907718557e-17
11458.0,-4.6971447231556705e-17
11476.0,7.17419634729614e-15
11478.0,-1.800062414351366e-15
11487.0,4.692487769512134e-15
11509.0,-4.6971447231556705e-17
11513.0,1.565714907718557e-17
11527.0,7.17419634729614e-15
11529.0,5.330538884543855e-16
11533.0,-7.714456922821831e-15
11538.0,4.692487769512134e-15
11552.0,-3.020114947158664e-15
11553.0,-2.440250958577777e-15
11558.0,-1.50072320500393e-14
11566.0,2.5671679967686386e-15
11567.0,-4.327446096330657e-14
11572.0,-6.665175456086987e-15
11577.0,-1.9864359734410447e-15
11584.0,9.079113098870673e-17
11586.0,3.3306690738754696e-16
11589.0,3.020114947158664e-15
11594.0,-2.1640432493863013e-14
11598.0,2.2299061363973254e-15
11600.0,1.4243774662977047e-14
11601.0,-1.4243774662977047e-14
11602.0,4.35347901021546e-15
11611.0,5.466491457285052e-16
11612.0,-9.459148773827588e-16
11634.0,2.066451039732564e-15
11635.0,2.5070812724196146e-16
11636.0,3.492695045208159e-16
11637.0,-3.4545844494280958e-15
11638.0,1.2285545797880441e-17
11648.0,6.585498474759181e-16
11649.0,8.208234325353742e-17
11652.0,-6.239454788996873e-17
11653.0,-8.668762323805931e-18
11656.0,-1.5127853773485412e-17
11662.0,4.7691737722063574e-15
11668.0,-4.0559595698743114e-15
11677.0,-5.134335993537277e-15
11679.0,-5.134335993537277e-15
11680.0,-5.134335993537277e-15
11682.0,-5.134335993537277e-15
11683.0,4.1619681049100316e-15
11689.0,-4.298428326848159e-16
11694.0,-8.251167161655457e-15
11696.0,7.942034081230879e-15
11698.0,-3.256212389124028e-14
11701.0,1.405438214962514e-17
11702.0,1.405438214962514e-17
11703.0,1.405438214962514e-17
11704.0,1.405438214962514e-17
11705.0,1.405438214962514e-17
11706.0,1.405438214962514e-17
11707.0,1.405438214962514e-17
11708.0,4.216314644887543e-18
11709.0,-4.216314644887543e-18
11719.0,4.216314644887543e-18
11720.0,4.216314644887543e-18
11722.0,5.134335993537277e-15
11725.0,4.216314644887543e-18
11726.0,4.216314644887543e-18
11727.0,4.216314644887543e-18
11728.0,4.216314644887543e-18
11729.0,4.216314644887543e-18
11732.0,-9.8380675047376e-18
11733.0,-9.8380675047376e-18
11734.0,-9.8380675047376e-18
11735.0,-9.8380675047376e-18
11736.0,-9.8380675047376e-18
11739.0,-5.888819828337425e-19
11740.0,3.1622931004363263e-16
11759.0,3.611114938842971e-17
11762.0,-5.872682368504199e-14
11764.0,5.872682368504199e-14
11765.0,-2.1640432493863015e-15
11768.0,-2.1640432493863015e-15
11769.0,-3.649189621461789e-15
11770.0,-3.649189621461789e-15
11772.0,-1.4851463720754883e-15
11775.0,-2.1640432493863015e-15
11776.0,-2.1640432493863015e-15
11779.0,-2.1640432493863015e-15
11783.0,-2.1640432493863015e-15
11784.0,-2.1640432493863015e-15
11792.0,5.134335993537277e-15
11805.0,7.357394898116121e-16
11806.0,7.357394898116121e-16
11807.0,7.357394898116121e-16
11808.0,-2.3277992917634526e-14
11811.0,5.1335698518503e-15
11812.0,2.3277992917634526e-14
11813.0,1.0144924771890578e-15
11821.0,-1.7111899506167667e-15
11824.0,1.7111899506167665e-15
11826.0,-5.1335698518503e-15
11827.0,3.422379901233533e-15
11834.0,-5.134335993537277e-15
11836.0,5.134335993537277e-15
11839.0,1.595028428685556e-14
11840.0,1.595028428685556e-14
11841.0,1.595028428685556e-14
11842.0,1.595028428685556e-14
11843.0,-4.4479534653290576e-14
11844.0,-4.4479534653290576e-14
11845.0,-4.4479534653290576e-14
11846.0,-4.539556549435337e-17
11851.0,2.735625751478257e-17
11852.0,2.735625751478257e-17
11853.0,-2.735625751478257e-17
11854.0,2.735625751478257e-17
11856.0,2.735625751478257e-17
11860.0,2.735625751478257e-17
11864.0,2.735625751478257e-17
11866.0,1.3678128757391285e-17
11867.0,2.735625751478257e-17
11868.0,5.471251502956514e-17
11870.0,2.735625751478257e-17
11871.0,2.735625751478257e-17
11873.0,-5.471251502956514e-17
11878.0,2.735625751478257e-17
11882.0,2.735625751478257e-17
11885.0,2.735625751478257e-17
11896.0,2.735625751478257e-17
11897.0,2.735625751478257e-17
11901.0,2.735625751478257e-17
11902.0,2.735625751478257e-17
11906.0,2.735625751478257e-17
11913.0,2.735625751478257e-17
11914.0,2.735625751478257e-17
11917.0,2.735625751478257e-17
11918.0,-1.3678128757391285e-17
11927.0,2.735625751478257e-17
11928.0,1.3678128757391285e-17
11934.0,5.471251502956514e-17
11935.0,2.735625751478257e-17
11936.0,2.735625751478257e-17
11938.0,5.471251502956514e-17
11939.0,2.735625751478257e-17
11940.0,2.735625751478257e-17
11941.0,2.735625751478257e-17
11942.0,2.735625751478257e-17
11943.0,2.735625751478257e-17
11944.0,2.735625751478257e-17
11945.0,2.735625751478257e-17
11947.0,2.5671679967686386e-15
11948.0,2.5671679967686386e-15
11949.0,-2.5671679967686386e-15
11950.0,5.134335993537277e-15
11951.0,-5.134335993537277e-15
11956.0,2.5882469258676962e-17
11957.0,1.441502288544409e-17
11958.0,1.473788256105607e-18
11959.0,2.5882469258676962e-17
11960.0,5.471251502956514e-17
11961.0,2.735625751478257e-17
11965.0,1.3678128757391286e-16
11966.0,2.594524254283421e-15
11970.0,5.134335993537277e-15
11971.0,5.134335993537277e-15
11972.0,-5.134335993537277e-15
11974.0,-5.134335993537277e-15
11975.0,-5.134335993537277e-15
11981.0,-5.134335993537277e-15
11982.0,-5.134335993537277e-15
11983.0,-5.134335993537277e-15
11984.0,-5.134335993537277e-15
11985.0,-5.134335993537277e-15
11986.0,-5.134335993537277e-15
11988.0,-4.051242632052682e-15
11989.0,-4.051242632052682e-15
11990.0,-4.051242632052682e-15
12000.0,9.97510646297809e-14
12001.0,-9.97510646297809e-15
12005.0,-9.863773502876057e-18
12007.0,-9.863773502876057e-18
12008.0,-9.863773502876057e-18
12009.0,-9.863773502876057e-18
12010.0,-9.863773502876057e-18
12020.0,2.0551706456854197e-15
12021.0,-2.5671679967686386e-15
12022.0,-6.567998805616942e-15
12024.0,-5.134335993537277e-15
12026.0,5.134335993537277e-15
12031.0,3.647224998478494e-15
12039.0,1.957452996270442e-15
12042.0,1.957452996270442e-15
12057.0,5.085765916776022e-15
12067.0,-6.778296391966598e-17
12069.0,1.8918297547655177e-15
12080.0,-2.7204613377711432e-14
12098.0,1.0820216246931507e-15
12103.0,5.010654326745097e-15
12109.0,-5.134335993537277e-15
12126.0,-5.134335993537277e-15
12129.0,-0.8767675379072538
12135.0,-6.794739741038064e-15
12136.0,-5.134335993537277e-15
12141.0,1.4444459755371884e-16
12145.0,7.891486249997849e-15
12165.0,-9.46456614003181e-15
12171.0,2.852925036643502e-14
12214.0,2.0312315268758633e-15
12251.0,-3.90838709331896e-15
12253.0,-0.9686564016760097
12266.0,1.0820216246931507e-15
12269.0,2.4074099592286474e-17
12277.0,-6.512424778248056e-14
12278.0,1.9864359734410447e-15
12309.0,-5.134335993537277e-15
12310.0,-1.4243774662977047e-14
12311.0,-6.567998805616942e-15
12313.0,-4.414269427786208e-15
12322.0,-2.929437129842205e-14
12329.0,1.957452996270442e-15
12330.0,-1.404508391453929e-18
12331.0,4.164520950434569e-15
12335.0,-1.404508391453929e-18
12336.0,-1.404508391453929e-18
12337.0,-1.404508391453929e-18
12339.0,-1.404508391453929e-18
12341.0,-1.404508391453929e-18
12342.0,-1.404508391453929e-18
12343.0,-1.404508391453929e-18
12344.0,-1.404508391453929e-18
12345.0,1.565714907718557e-17
12346.0,-1.404508391453929e-18
12347.0,-1.404508391453929e-18
12349.0,2.969595790789337e-16
12352.0,1.565714907718557e-17
12353.0,-1.404508391453929e-18
12354.0,-1.404508391453929e-18
12355.0,-1.404508391453929e-18
12357.0,1.565714907718557e-17
12358.0,-1.404508391453929e-18
12359.0,-1.404508391453929e-18
12360.0,3.7852747571784327e-17
12361.0,-1.404508391453929e-18
12363.0,-1.404508391453929e-18
12365.0,-1.404508391453929e-18
12366.0,-1.404508391453929e-18
12367.0,-1.1376517970776823e-16
12368.0,-1.404508391453929e-18
12370.0,-1.404508391453929e-18
12371.0,-1.404508391453929e-18
12373.0,-1.853951076719186e-16
12374.0,-1.404508391453929e-18
12392.0,-2.735625751478257e-17
12396.0,-1.3678128757391286e-16
12397.0,-2.594524254283421e-15
12420.0,-2.1640432493863013e-14
12421.0,-2.1640432493863015e-15
12423.0,4.216314644887543e-18
12424.0,2.735625751478257e-17
12425.0,7.222229877685942e-17
12427.0,-5.134335993537277e-15
12432.0,-5.134335993537277e-15
12434.0,1.4444459755371884e-16
12435.0,1.665795587618793e-15
12440.0,7.222229877685942e-17
12441.0,-7.222229877685942e-17
12442.0,2.5671679967686386e-15
12443.0,-2.7204613377711432e-14
12446.0,1.665795587618793e-15
12447.0,1.1676455104238186e-15
12448.0,-4.159283031906226e-15
12449.0,2.9395851099131198e-15
12450.0,3.33573920554296e-16
12451.0,7.711300923593033e-16
12452.0,5.909557778705465e-15
12454.0,-4.866768529704143e-16
12456.0,2.1962709643906224e-17
12457.0,-2.3883022925148426e-15
12458.0,2.7048971816192893e-16
12459.0,-1.138993683367279e-15
12460.0,1.4274654677201996e-15
12461.0,2.4900982882561195e-15
12462.0,-5.369561140595954e-15
12463.0,-4.12507700131686e-15
12464.0,-2.977891870053366e-15
12465.0,1.636864636552971e-15
12469.0,7.222229877685942e-17
12471.0,1.4444459755371884e-16
12472.0,7.222229877685942e-17
12473.0,-7.222229877685942e-17
12589.0,8.898535081364111e-15
12610.0,8.898535081364111e-15
12612.0,8.898535081364111e-15
12699.0,-0.8315681315350034
12700.0,0.8315681315350034
12866.0,0.8688999875525613
12867.0,-0.8688999875525613
12942.0,-0.9173318271186633
12944.0,0.9173318271186633
12945.0,7.406373810401692e-16
12947.0,7.406373810401692e-16
13041.0,-1.426108900759992e-14
13080.0,-6.715266504919063e-15
13102.0,-1.426108900759992e-14
13186.0,1.426108900759992e-14
13190.0,6.715266504919063e-15
13191.0,6.715266504919063e-15
13196.0,6.715266504919063e-15
13209.0,-6.715266504919063e-15
13210.0,6.715266504919063e-15
13211.0,-6.715266504919063e-15
13214.0,7.177923452729177e-14
13324.0,7.406373810401692e-16
13327.0,1.426108900759992e-14
13372.0,1.426108900759992e-14
13396.0,6.715266504919063e-15
13419.0,-1.404508391453929e-18
13423.0,-1.565714907718557e-17
13424.0,-1.404508391453929e-18
13426.0,-1.404508391453929e-18
13429.0,-1.404508391453929e-18
13452.0,2.9158489128460293e-17
13454.0,-5.471251502956514e-17
13490.0,8.597142533212265e-15
13493.0,-4.811493292534777e-16
13507.0,1.0418764871859305e-15
13519.0,1.0268671987074554e-14
13528.0,2.1640432493863013e-14
13531.0,2.1649348980190553e-14
13541.0,-6.277094888930642e-15
13542.0,6.277094888930642e-15
