matrix,row,col
S,72,95
I,J,V
8.0,1.0,-1.0
10.0,1.0,1.0
21.0,1.0,-1.0
43.0,1.0,1.0
50.0,1.0,-1.0
51.0,1.0,1.0
8.0,2.0,1.0
9.0,2.0,-1.0
6.0,3.0,-1.0
12.0,3.0,1.0
13.0,3.0,1.0
17.0,3.0,-1.0
11.0,4.0,1.0
18.0,4.0,-1.0
41.0,4.0,1.0
11.0,5.0,-1.0
41.0,5.0,-1.0
45.0,5.0,1.0
6.0,6.0,1.0
7.0,6.0,-1.0
43.0,6.0,1.0
44.0,6.0,-1.0
13.0,7.0,2.0
16.0,7.0,-1.0
17.0,7.0,-1.0
14.0,8.0,-1.0
19.0,8.0,1.0
21.0,8.0,-1.0
50.0,8.0,-1.0
51.0,8.0,1.0
71.0,8.0,1.0
14.0,9.0,1.0
15.0,9.0,-1.0
43.0,9.0,1.0
44.0,9.0,-1.0
8.0,10.0,1.0
24.0,10.0,-1.0
43.0,10.0,1.0
50.0,10.0,-1.0
51.0,10.0,1.0
13.0,11.0,1.0
17.0,11.0,-1.0
41.0,11.0,-1.0
43.0,11.0,1.0
60.0,11.0,1.0
13.0,12.0,-1.0
17.0,12.0,1.0
41.0,12.0,1.0
43.0,12.0,3.0
44.0,12.0,-4.0
60.0,12.0,-1.0
3.0,13.0,-1.496
10.0,13.0,-3.7478
13.0,13.0,59.81
14.0,13.0,4.1182
17.0,13.0,-59.81
21.0,13.0,3.7478
23.0,13.0,-0.361
26.0,13.0,-0.0709
33.0,13.0,-0.129
34.0,13.0,-0.205
36.0,13.0,-0.2557
38.0,13.0,-4.9414
41.0,13.0,-59.81
43.0,13.0,59.81
50.0,13.0,-3.547
51.0,13.0,3.547
52.0,13.0,13.0279
53.0,13.0,-13.0279
58.0,13.0,-1.7867
59.0,13.0,-0.5191
60.0,13.0,59.81
62.0,13.0,-2.8328
66.0,13.0,-0.8977
19.0,14.0,1.0
20.0,14.0,-1.0
10.0,15.0,-1.0
18.0,15.0,1.0
21.0,15.0,1.0
41.0,15.0,-1.0
43.0,15.0,1.0
58.0,15.0,-1.0
41.0,16.0,1.0
43.0,16.0,-2.0
44.0,16.0,2.0
56.0,16.0,-0.5
64.0,16.0,1.0
65.0,16.0,-1.0
43.0,17.0,1.0
44.0,17.0,-1.0
46.0,17.0,1.0
47.0,17.0,-1.0
2.0,18.0,-1.0
41.0,18.0,1.0
59.0,18.0,1.0
24.0,19.0,1.0
25.0,19.0,-1.0
43.0,19.0,1.0
44.0,19.0,-1.0
7.0,20.0,-1.0
9.0,21.0,-1.0
15.0,22.0,-1.0
20.0,23.0,-1.0
25.0,24.0,-1.0
29.0,25.0,-1.0
30.0,26.0,-1.0
32.0,27.0,-1.0
35.0,28.0,-1.0
37.0,29.0,-1.0
39.0,30.0,-1.0
44.0,31.0,-1.0
42.0,32.0,-1.0
47.0,33.0,-1.0
49.0,34.0,-1.0
55.0,35.0,-1.0
57.0,36.0,-1.0
61.0,37.0,-1.0
63.0,38.0,-1.0
70.0,39.0,-1.0
22.0,40.0,1.0
27.0,40.0,-1.0
33.0,40.0,1.0
26.0,41.0,1.0
27.0,41.0,-1.0
41.0,41.0,-1.0
60.0,41.0,1.0
28.0,42.0,1.0
29.0,42.0,-1.0
43.0,42.0,1.0
44.0,42.0,-1.0
28.0,43.0,-1.0
29.0,43.0,1.0
31.0,44.0,-1.0
64.0,44.0,1.0
65.0,44.0,-1.0
69.0,44.0,1.0
26.0,45.0,1.0
30.0,45.0,-1.0
59.0,45.0,-1.0
62.0,45.0,1.0
31.0,46.0,-1.0
41.0,46.0,-1.0
48.0,46.0,1.0
31.0,47.0,1.0
32.0,47.0,-1.0
43.0,47.0,2.0
44.0,47.0,-2.0
5.0,48.0,1.0
34.0,48.0,-1.0
43.0,48.0,1.0
52.0,48.0,-1.0
53.0,48.0,1.0
1.0,49.0,1.0
33.0,49.0,-1.0
43.0,49.0,1.0
50.0,49.0,-1.0
51.0,49.0,1.0
60.0,49.0,-1.0
34.0,50.0,1.0
35.0,50.0,-1.0
59.0,50.0,-1.0
62.0,50.0,1.0
13.0,51.0,1.0
17.0,51.0,-1.0
36.0,51.0,1.0
38.0,51.0,-1.0
43.0,51.0,1.0
54.0,51.0,-1.0
60.0,51.0,1.0
13.0,52.0,1.0
17.0,52.0,-1.0
36.0,52.0,1.0
37.0,52.0,-1.0
41.0,52.0,-1.0
43.0,52.0,1.0
60.0,52.0,1.0
14.0,53.0,1.0
38.0,53.0,-1.0
41.0,53.0,-1.0
43.0,53.0,1.0
52.0,53.0,-1.0
53.0,53.0,1.0
54.0,53.0,1.0
36.0,54.0,-1.0
38.0,54.0,1.0
41.0,54.0,-1.0
54.0,54.0,1.0
14.0,55.0,-1.0
36.0,55.0,-1.0
38.0,55.0,2.0
43.0,55.0,-1.0
52.0,55.0,1.0
53.0,55.0,-1.0
38.0,56.0,1.0
39.0,56.0,-1.0
43.0,56.0,1.0
44.0,56.0,-1.0
4.0,57.0,-1.0
19.0,57.0,1.0
52.0,57.0,-1.0
53.0,57.0,1.0
67.0,57.0,1.0
41.0,58.0,1.0
42.0,58.0,-1.0
14.0,59.0,1.0
19.0,59.0,1.0
45.0,59.0,-1.0
52.0,59.0,-1.0
53.0,59.0,1.0
40.0,60.0,1.0
45.0,60.0,-1.0
69.0,60.0,1.0
43.0,61.0,1.0
46.0,61.0,-1.0
50.0,61.0,-1.0
51.0,61.0,1.0
62.0,61.0,1.0
10.0,62.0,-1.0
21.0,62.0,1.0
40.0,62.0,-1.0
41.0,62.0,-1.0
43.0,62.0,1.0
48.0,62.0,1.0
43.0,63.0,2.0
44.0,63.0,-2.0
48.0,63.0,1.0
49.0,63.0,-1.0
43.0,64.0,1.0
48.0,64.0,-1.0
50.0,64.0,-1.0
51.0,64.0,1.0
58.0,64.0,1.0
19.0,65.0,1.0
48.0,65.0,-1.0
50.0,65.0,-1.0
51.0,65.0,1.0
62.0,65.0,1.0
19.0,66.0,1.0
48.0,66.0,-1.0
52.0,66.0,-1.0
53.0,66.0,1.0
62.0,66.0,1.0
43.0,67.0,-4.0
44.0,67.0,3.0
50.0,67.0,1.0
51.0,67.0,-1.0
64.0,67.0,-1.0
65.0,67.0,1.0
50.0,68.0,-1.0
51.0,68.0,1.0
52.0,68.0,1.0
53.0,68.0,-1.0
54.0,69.0,1.0
55.0,69.0,-1.0
56.0,70.0,1.0
57.0,70.0,-1.0
10.0,71.0,1.0
19.0,71.0,1.0
21.0,71.0,-1.0
50.0,71.0,-1.0
51.0,71.0,1.0
62.0,71.0,-1.0
13.0,72.0,1.0
17.0,72.0,-1.0
26.0,72.0,-1.0
27.0,72.0,1.0
43.0,72.0,1.0
10.0,73.0,1.0
21.0,73.0,-1.0
28.0,73.0,1.0
62.0,73.0,-1.0
26.0,74.0,1.0
34.0,74.0,-1.0
1.0,75.0,1.0
3.0,75.0,-1.0
13.0,75.0,1.0
17.0,75.0,-1.0
4.0,76.0,1.0
5.0,76.0,-1.0
41.0,76.0,-1.0
43.0,76.0,1.0
2.0,77.0,-1.0
3.0,77.0,1.0
43.0,78.0,1.0
44.0,78.0,-1.0
60.0,78.0,1.0
61.0,78.0,-1.0
19.0,79.0,-1.0
41.0,79.0,-1.0
43.0,79.0,1.0
58.0,79.0,1.0
59.0,79.0,-1.0
60.0,79.0,1.0
13.0,80.0,1.0
17.0,80.0,-1.0
19.0,80.0,1.0
58.0,80.0,-1.0
59.0,80.0,1.0
16.0,81.0,1.0
17.0,81.0,-1.0
41.0,81.0,-1.0
43.0,81.0,2.0
59.0,81.0,1.0
60.0,81.0,1.0
62.0,81.0,-1.0
10.0,82.0,-1.0
12.0,82.0,1.0
21.0,82.0,1.0
60.0,82.0,-1.0
13.0,83.0,-1.0
17.0,83.0,1.0
43.0,83.0,-1.0
59.0,83.0,-1.0
62.0,83.0,1.0
43.0,84.0,1.0
44.0,84.0,-1.0
62.0,84.0,1.0
63.0,84.0,-1.0
67.0,85.0,-1.0
72.0,85.0,1.0
66.0,86.0,-1.0
67.0,86.0,1.0
43.0,87.0,2.0
44.0,87.0,-2.0
69.0,87.0,1.0
70.0,87.0,-1.0
43.0,88.0,1.0
44.0,88.0,-1.0
69.0,88.0,-1.0
70.0,88.0,1.0
31.0,89.0,1.0
64.0,89.0,-1.0
65.0,89.0,1.0
69.0,89.0,-1.0
13.0,90.0,1.0
17.0,90.0,-1.0
21.0,90.0,-1.0
60.0,90.0,1.0
69.0,90.0,-1.0
71.0,90.0,1.0
23.0,91.0,1.0
26.0,91.0,1.0
33.0,91.0,-1.0
68.0,91.0,-1.0
43.0,92.0,2.0
44.0,92.0,-2.0
50.0,92.0,1.0
51.0,92.0,-1.0
52.0,92.0,-1.0
53.0,92.0,1.0
33.0,93.0,1.0
66.0,93.0,-1.0
68.0,93.0,1.0
72.0,93.0,-1.0
23.0,94.0,-1.0
26.0,94.0,1.0
33.0,94.0,1.0
72.0,94.0,-1.0
22.0,95.0,-1.0
33.0,95.0,1.0
matrix,row,col
U,95,20
I,J,V
2.0,1.0,0.09459810071481567
3.0,1.0,0.0962594167672929
4.0,1.0,0.009535247579724826
10.0,1.0,0.35296712399425045
14.0,1.0,1.6101122007144466
15.0,1.0,1.4564501033413402
17.0,1.0,0.9546164313022669
21.0,1.0,0.31184426859898634
27.0,1.0,0.1460565927892609
36.0,1.0,-7.217532644854373e-18
37.0,1.0,2.392345548518919
38.0,1.0,0.604251838584848
41.0,1.0,1.371744588390868
42.0,1.0,0.12486051385954844
46.0,1.0,0.1641785628432178
47.0,1.0,1.8768912653268504
53.0,1.0,0.16727757596052964
54.0,1.0,0.9709163192378825
55.0,1.0,1.0088897716245104
56.0,1.0,1.2158402768625622
58.0,1.0,0.1021936450855796
59.0,1.0,0.2338809712430199
60.0,1.0,0.4788067217481776
62.0,1.0,0.012135085528071238
65.0,1.0,0.5001363728775131
66.0,1.0,-0.38616393690226897
69.0,1.0,0.9220159888834161
70.0,1.0,0.3549223728296491
71.0,1.0,0.16580967225633927
76.0,1.0,6.101305946875053e-19
77.0,1.0,1.2647886834057631
80.0,1.0,1.3061991119868743
83.0,1.0,0.7727898604011898
84.0,1.0,1.6392833711959212
85.0,1.0,1.787388824615584
87.0,1.0,1.0817037076508167
89.0,1.0,-0.9569002300321277
90.0,1.0,1.569440460462027
92.0,1.0,0.8147418330188325
93.0,1.0,0.01762369565388104
1.0,2.0,1.3095993849875351
2.0,2.0,0.8583538510528971
5.0,2.0,0.13033122012747203
6.0,2.0,1.3057734972634942
9.0,2.0,1.4247863051805814
13.0,2.0,0.014401331539524397
14.0,2.0,1.3650592528806893
15.0,2.0,1.1050631274113487
19.0,2.0,0.7819678581422407
20.0,2.0,0.7086622632329893
23.0,2.0,1.2200073521975425
27.0,2.0,0.21070622592554297
33.0,2.0,0.823734998512811
35.0,2.0,1.6012576175848914
39.0,2.0,0.1446929149537467
40.0,2.0,1.632531003067656
41.0,2.0,0.8806167809867835
42.0,2.0,-0.16394749081885654
43.0,2.0,0.43078458005670883
44.0,2.0,0.23035347430244008
45.0,2.0,1.1989049536582799
47.0,2.0,0.7800972245988047
52.0,2.0,0.7978874430800769
53.0,2.0,0.14688561842652867
54.0,2.0,0.02587032062482224
55.0,2.0,0.32338675531564304
58.0,2.0,0.8841753975437225
62.0,2.0,0.6137966187458282
63.0,2.0,1.1913108119680418
64.0,2.0,0.43911174722978474
65.0,2.0,0.24083882560754472
66.0,2.0,-0.1541941917140307
67.0,2.0,2.8416729584396994e-17
69.0,2.0,0.20211208508880807
73.0,2.0,0.5786629832140262
75.0,2.0,0.9126156720720082
79.0,2.0,0.7404044150281784
81.0,2.0,0.4820632491395229
88.0,2.0,0.1269249899852605
89.0,2.0,0.26380373967900406
90.0,2.0,0.752984073289744
91.0,2.0,0.464902690814601
92.0,2.0,0.20090740443394403
1.0,3.0,0.27762997611137213
5.0,3.0,1.164102704723606
6.0,3.0,2.25322784876424
9.0,3.0,0.5852927154605269
11.0,3.0,1.2079118642539952
12.0,3.0,0.88984847158392
13.0,3.0,0.6808676169741011
14.0,3.0,1.084621142828476
19.0,3.0,0.868676197124469
25.0,3.0,1.261560223268389
32.0,3.0,0.664983872187975
37.0,3.0,1.0575811524576613
38.0,3.0,0.24723640551713175
39.0,3.0,0.6344265658939373
40.0,3.0,0.08302624913304016
44.0,3.0,0.698254746330525
45.0,3.0,0.47202233457844406
50.0,3.0,0.015612157710951372
52.0,3.0,1.1348344507564243
53.0,3.0,1.229793804169977
55.0,3.0,0.8742744100896395
56.0,3.0,0.08432510917194289
60.0,3.0,0.2447964832005546
68.0,3.0,0.21607845940157056
69.0,3.0,1.0249038857146098
72.0,3.0,0.08726642435410843
73.0,3.0,2.2636242284718966
78.0,3.0,0.5973453227426737
86.0,3.0,2.3065133167400784
87.0,3.0,2.31816045573539
89.0,3.0,1.4143540462564408
93.0,3.0,0.4226715933324538
94.0,3.0,2.0945279959621494
95.0,3.0,0.5370175172963725
7.0,4.0,0.8345853589236011
8.0,4.0,0.9745467063985875
9.0,4.0,0.968403770929657
10.0,4.0,2.1534469067778255
12.0,4.0,1.1634428133709105
14.0,4.0,0.4227753532327161
15.0,4.0,0.2767459219313584
20.0,4.0,0.5234620617117522
21.0,4.0,0.8601188152721074
22.0,4.0,0.5160378360723068
23.0,4.0,0.026072744848666493
25.0,4.0,1.6050730229758137
28.0,4.0,0.012011580583919369
32.0,4.0,1.316182475871564
33.0,4.0,0.03240105149023207
37.0,4.0,0.5255637758900931
42.0,4.0,0.42966558633840213
43.0,4.0,0.023746128465503516
50.0,4.0,0.3927477903046619
51.0,4.0,0.8229203580415991
53.0,4.0,0.3281925353447997
64.0,4.0,1.8605199711242693
65.0,4.0,0.4001246467950391
66.0,4.0,-0.2828293419359399
69.0,4.0,0.299913772497685
70.0,4.0,0.4219716296422059
75.0,4.0,0.963789290180611
78.0,4.0,0.4886475886892171
82.0,4.0,1.7138627552993526
87.0,4.0,1.2043380379023194
88.0,4.0,0.7063047975358944
91.0,4.0,1.9007226190423172
92.0,4.0,0.8347242720061039
94.0,4.0,0.4248248239073235
1.0,5.0,0.32997684550681916
3.0,5.0,0.6520459045000309
4.0,5.0,0.20132944480409593
7.0,5.0,1.4661531005887334
10.0,5.0,0.23614908093556158
11.0,5.0,1.1474008499498627
14.0,5.0,0.6027817148134437
15.0,5.0,1.880595142352984
16.0,5.0,0.30643514415401313
17.0,5.0,0.2181421173832717
19.0,5.0,0.6432326285237006
21.0,5.0,0.32944087330203536
22.0,5.0,1.0110163611474097
24.0,5.0,1.3329369778971163
31.0,5.0,1.4932619954129238
32.0,5.0,0.4691280007282009
37.0,5.0,1.9870316769450924
39.0,5.0,1.4402627645451829
40.0,5.0,0.0067405313288373125
42.0,5.0,2.0227645306936535
43.0,5.0,1.3989135528285925
45.0,5.0,1.2070736173210261
46.0,5.0,1.64063781719461
47.0,5.0,0.6054714742399405
51.0,5.0,0.6653222956683431
52.0,5.0,0.2814356319869285
53.0,5.0,0.6538391575682747
54.0,5.0,0.38094497877829364
58.0,5.0,1.1242772525489537
62.0,5.0,2.138520715725713
63.0,5.0,0.2222357821329913
65.0,5.0,-0.3383822024011336
66.0,5.0,0.812846095397851
68.0,5.0,2.3520398239218223
70.0,5.0,0.6914313914845331
73.0,5.0,1.95757034780943
75.0,5.0,0.19764589124971657
84.0,5.0,0.7001385794333492
87.0,5.0,0.20110825397964582
89.0,5.0,-0.28139574905008236
90.0,5.0,0.6259517726112231
92.0,5.0,-0.4466034106037191
93.0,5.0,1.8121393511171258
3.0,6.0,0.9927532470682326
6.0,6.0,0.11667262861975045
8.0,6.0,0.01989632634333277
12.0,6.0,0.7201550184986704
15.0,6.0,0.6875422356246279
16.0,6.0,0.24309253488388144
22.0,6.0,1.0506241796659932
23.0,6.0,0.8279886775537395
25.0,6.0,0.6995672434495934
38.0,6.0,0.7682521237921993
40.0,6.0,0.23347737035752622
41.0,6.0,1.3603166456251474
43.0,6.0,0.20063583211518554
45.0,6.0,1.2569089308917154
50.0,6.0,0.7327912072109328
51.0,6.0,0.17714244089354014
52.0,6.0,0.37423939789820454
53.0,6.0,0.1996915771568094
58.0,6.0,1.7420500512752182
59.0,6.0,0.8973525981664727
61.0,6.0,1.246633689508031
73.0,6.0,0.7714152659558816
75.0,6.0,0.4275385573762192
79.0,6.0,0.7889542310370903
82.0,6.0,1.3409775202051906
85.0,6.0,0.6034302670195426
87.0,6.0,0.6844643470435534
89.0,6.0,-0.02544646980036672
93.0,6.0,1.1433734333234382
94.0,6.0,1.2499250997102274
1.0,7.0,0.970752480847759
2.0,7.0,1.3004700400615152
3.0,7.0,1.908895027058064
7.0,7.0,0.846955673348934
9.0,7.0,2.22790139933084
10.0,7.0,0.053457569702823046
12.0,7.0,0.5179129609766121
13.0,7.0,1.406840620838398
15.0,7.0,0.2580028417732282
19.0,7.0,1.1746804976041547
20.0,7.0,1.193395008600275
21.0,7.0,0.30792245484196895
25.0,7.0,0.8420883439159894
26.0,7.0,0.3176189954035302
33.0,7.0,1.0658695669073237
34.0,7.0,0.8566588728095774
35.0,7.0,1.3481692269552439
38.0,7.0,1.1284850512248104
40.0,7.0,0.3905499604198677
42.0,7.0,-0.24716988501274334
44.0,7.0,0.23919569174087393
47.0,7.0,0.9001148617018659
52.0,7.0,0.6540226622129878
53.0,7.0,1.8818312083826008
54.0,7.0,0.006685221042444451
62.0,7.0,1.2941769693019252
63.0,7.0,0.32015987688509095
65.0,7.0,0.20194157619859052
66.0,7.0,-0.11332303893952858
67.0,7.0,-1.2157117283655024e-18
70.0,7.0,0.8310856275943134
71.0,7.0,0.3369564528667587
72.0,7.0,1.7929361644364068
74.0,7.0,1.8487061816616959
77.0,7.0,0.7704635690261767
78.0,7.0,2.1242610783259743
80.0,7.0,1.6392727769340976
82.0,7.0,0.45275315695942914
84.0,7.0,0.14711335275695134
86.0,7.0,1.5814557891928016
89.0,7.0,3.839203914323388e-19
92.0,7.0,0.19170824479420548
93.0,7.0,0.5909937060993353
95.0,7.0,0.7095549854686083
1.0,8.0,1.0751085185066316
5.0,8.0,0.8914154773569647
7.0,8.0,0.32935148863185787
11.0,8.0,0.36372282758033747
13.0,8.0,0.0184419069445975
15.0,8.0,0.9128100887177627
16.0,8.0,1.9254790164433628
17.0,8.0,1.5902659468510425
23.0,8.0,0.2035316453804137
24.0,8.0,0.3744264450026607
25.0,8.0,0.2754709399345588
26.0,8.0,0.49372178706600334
28.0,8.0,0.20151304636332035
29.0,8.0,0.24333342572286976
30.0,8.0,7.862934589454809e-17
31.0,8.0,0.7410058971581333
35.0,8.0,0.20356199340335282
36.0,8.0,-1.625796307506511e-17
42.0,8.0,1.5342193427956579
43.0,8.0,0.9900320348644126
48.0,8.0,0.9726738585182794
53.0,8.0,0.7182050258680239
55.0,8.0,0.06652899280429751
56.0,8.0,0.9847680210798588
57.0,8.0,0.7073908171621478
64.0,8.0,0.5685436230547866
65.0,8.0,-0.39380521954087944
66.0,8.0,0.63200520522805
67.0,8.0,4.886730808297088e-17
68.0,8.0,1.3900114599988824
71.0,8.0,1.265505054941096
72.0,8.0,0.6950839782494596
73.0,8.0,3.039575780549356
75.0,8.0,0.35651641903155884
76.0,8.0,4.473946897315777e-17
77.0,8.0,1.9126711361888762
80.0,8.0,0.3002404729683247
87.0,8.0,0.6502160870148966
89.0,8.0,1.2102776002988539e-32
90.0,8.0,0.771917601854674
92.0,8.0,-0.25383682357977533
93.0,8.0,1.5076380699960952
1.0,9.0,0.5762699892733534
2.0,9.0,1.530810096861308
8.0,9.0,0.16645764232922533
11.0,9.0,0.5569895063519257
13.0,9.0,0.5141943813330162
17.0,9.0,0.1689394860413411
18.0,9.0,0.16849676586658577
28.0,9.0,1.118492651444416
29.0,9.0,0.5610290368645915
30.0,9.0,-4.760796932759049e-19
32.0,9.0,1.1286247520419308
40.0,9.0,0.3134109563674695
44.0,9.0,0.2772896822712434
45.0,9.0,0.31435377980033624
46.0,9.0,1.658793215519013
56.0,9.0,0.05966117816989798
57.0,9.0,0.4999901758742034
59.0,9.0,1.629414256952277
64.0,9.0,0.8114397759734262
65.0,9.0,2.8053603279723845e-18
66.0,9.0,4.145477791351063e-18
70.0,9.0,0.4472651116056431
71.0,9.0,0.4812551319132636
72.0,9.0,0.9794561228550475
74.0,9.0,1.2232109126478878
76.0,9.0,-7.493581623439506e-20
78.0,9.0,1.5523309870164297
79.0,9.0,0.20679325190750197
84.0,9.0,1.3455144673945942
85.0,9.0,0.7783308703499825
88.0,9.0,1.3608467316246207
89.0,9.0,0.36783448637152816
92.0,9.0,-9.043788564983958e-19
6.0,10.0,0.4375384170267882
7.0,10.0,0.2805966885933885
9.0,10.0,0.1240555093764577
11.0,10.0,0.3820051224946711
13.0,10.0,0.09912549504909025
15.0,10.0,0.9462568215656367
17.0,10.0,0.15943686885043593
18.0,10.0,1.6663710154632678
21.0,10.0,0.24972535107862667
23.0,10.0,1.4896413407540205
25.0,10.0,0.2210813863740073
30.0,10.0,-9.816294747495788e-17
33.0,10.0,1.4963516636216423
39.0,10.0,0.6026342888272166
40.0,10.0,0.12208948559879
42.0,10.0,-0.27306108844064236
48.0,10.0,1.8571893878321686
51.0,10.0,0.24791603684602856
55.0,10.0,0.20539864755888484
56.0,10.0,2.0247716058629703
57.0,10.0,1.5843870136421845
60.0,10.0,1.1198730007839004
62.0,10.0,0.41788296178082757
64.0,10.0,1.1255720447270923
65.0,10.0,0.6380167900992524
66.0,10.0,-0.362324157030568
67.0,10.0,-4.0522546185050476e-17
69.0,10.0,1.7858635870553539
73.0,10.0,0.92780461948614
76.0,10.0,-3.861784801150549e-17
82.0,10.0,0.7114972099158885
86.0,10.0,0.9703891103362076
89.0,10.0,8.820342242601484e-17
90.0,10.0,2.296412283954301
91.0,10.0,1.0429665751373325
92.0,10.0,0.6463160353039535
93.0,10.0,0.9488502141890031
2.0,11.0,0.9657175157657939
5.0,11.0,0.19392153446450125
7.0,11.0,1.2537947510605325
8.0,11.0,0.5996946750124237
10.0,11.0,0.4270711243950225
11.0,11.0,0.4628848719898943
16.0,11.0,0.228925796795431
17.0,11.0,0.1770170550229476
18.0,11.0,0.21608689789551913
22.0,11.0,0.4985300146314019
28.0,11.0,1.3004362898640498
29.0,11.0,0.7842187122945211
30.0,11.0,1.0599228012286051e-33
31.0,11.0,0.45090379945952336
32.0,11.0,1.2839324591798094
35.0,11.0,1.3532291882753702
38.0,11.0,0.2897527398248983
40.0,11.0,0.18429748497745227
45.0,11.0,2.73861940702187
46.0,11.0,2.161139314225124
49.0,11.0,0.5234304052735292
51.0,11.0,1.3718061242750372
52.0,11.0,0.03639057852723672
55.0,11.0,1.8723696498706917
56.0,11.0,1.369078683009837
59.0,11.0,0.5680360692843338
60.0,11.0,1.3329069604647474
61.0,11.0,0.4050169755346546
64.0,11.0,0.9594846562593302
65.0,11.0,-1.8096266216761113e-17
67.0,11.0,-1.1098598458430206e-18
68.0,11.0,0.9293295018750163
78.0,11.0,0.3519594141012598
80.0,11.0,0.19584799954681598
83.0,11.0,0.6205432658189532
84.0,11.0,0.250143133348711
86.0,11.0,0.5907936221210996
87.0,11.0,1.447141272206876
89.0,11.0,-0.16360579876499887
90.0,11.0,0.7845770219087483
92.0,11.0,-1.5539503701875133e-17
94.0,11.0,0.5243568145837649
95.0,11.0,0.20197352790376458
2.0,12.0,1.0041486222599967
3.0,12.0,0.7738536569001614
7.0,12.0,1.315108427949939
8.0,12.0,0.6933917489475899
9.0,12.0,1.6794311757061626
13.0,12.0,0.5257424161591733
15.0,12.0,1.0543122925295036
16.0,12.0,0.40424369968594975
17.0,12.0,0.48075694817530723
24.0,12.0,0.40789712410923856
27.0,12.0,0.6400371760977935
28.0,12.0,3.1104088282344478
32.0,12.0,0.604290273708261
34.0,12.0,1.0902323090569472
36.0,12.0,2.952827266523128e-19
38.0,12.0,1.6489163747439448
40.0,12.0,0.8515032440052576
41.0,12.0,1.3272517661725396
42.0,12.0,0.14023049745258054
43.0,12.0,0.11624677971601136
44.0,12.0,0.9406223745205271
46.0,12.0,0.33981088736409254
47.0,12.0,1.1647824525782966
49.0,12.0,0.4298608384529585
51.0,12.0,0.3220003774106958
52.0,12.0,0.44041168604212233
53.0,12.0,0.5044807435506858
57.0,12.0,0.4095176269423757
59.0,12.0,1.179431593311571
60.0,12.0,0.9469110592895128
62.0,12.0,0.8128547334332249
64.0,12.0,3.3941361374526933
65.0,12.0,0.010515425233619563
66.0,12.0,0.06346700916392467
67.0,12.0,4.1664619688308686e-18
68.0,12.0,1.8704048070049089
70.0,12.0,0.5163322110059798
76.0,12.0,7.09527717933119e-18
77.0,12.0,1.9174387210603474
78.0,12.0,0.42952911156700346
87.0,12.0,1.1074951910928281
89.0,12.0,-1.5301618015828677e-18
91.0,12.0,0.29259695615224873
92.0,12.0,-0.023105717769466627
94.0,12.0,1.0590776690509356
95.0,12.0,0.7074786965941414
1.0,13.0,1.2541868337075786
3.0,13.0,0.336408298149292
4.0,13.0,0.8562467192670495
5.0,13.0,0.897072542260906
10.0,13.0,0.5162936781388121
12.0,13.0,1.8575845790006298
18.0,13.0,0.05934325351953453
19.0,13.0,0.31248650374115206
23.0,13.0,1.3564520991902338
24.0,13.0,1.5119508157488721
27.0,13.0,0.5738637363235128
36.0,13.0,6.6347658466344645e-18
38.0,13.0,0.42971942972251237
40.0,13.0,0.9061091610397448
42.0,13.0,-0.363431305810225
46.0,13.0,1.8175574964387824
47.0,13.0,1.3134287989519926
49.0,13.0,0.00957106047197032
51.0,13.0,2.094348266450952
59.0,13.0,2.273549343382807
62.0,13.0,0.8369498521166294
65.0,13.0,0.5410238650862859
66.0,13.0,-0.4524809562800644
67.0,13.0,4.5314976664388764e-17
68.0,13.0,2.1523591188023614
71.0,13.0,1.3791359493245152
72.0,13.0,0.43106192873900673
74.0,13.0,1.4859465702891648
76.0,13.0,-7.639817407230747e-34
77.0,13.0,0.37455717170045516
81.0,13.0,2.081498387755204
82.0,13.0,0.3212458852805223
85.0,13.0,1.380559413941743
86.0,13.0,1.0689276386188629
87.0,13.0,1.695113830263712
88.0,13.0,0.37854202223940014
89.0,13.0,-0.13801919414569302
92.0,13.0,0.9241965588822425
94.0,13.0,0.9932935459900274
1.0,14.0,0.8223070575910323
4.0,14.0,2.3286564274137507
5.0,14.0,1.196040178726731
7.0,14.0,1.298860706117301
10.0,14.0,1.0798236614161647
11.0,14.0,2.3776997158003534
12.0,14.0,0.6757716498426237
19.0,14.0,0.8119004217443472
21.0,14.0,0.08721010285686777
28.0,14.0,1.0302060227349839
29.0,14.0,0.93468648911481
30.0,14.0,1.0349934985396787e-16
31.0,14.0,0.0834442551504596
33.0,14.0,0.926679241310272
36.0,14.0,7.23910592463327e-17
37.0,14.0,0.6391753663098427
38.0,14.0,0.755107881604568
43.0,14.0,0.9478066127986198
45.0,14.0,0.5445138285112012
47.0,14.0,0.27081221267299954
48.0,14.0,0.9215876297289786
49.0,14.0,1.9058393471826633
50.0,14.0,2.0942920073359605
53.0,14.0,0.9751344323817465
58.0,14.0,0.11479545027944832
65.0,14.0,-0.6684808259517635
66.0,14.0,1.1415212121275835
67.0,14.0,-9.187041066227578e-17
68.0,14.0,0.5024118432467229
73.0,14.0,0.8522818368929177
75.0,14.0,0.3146051576826512
78.0,14.0,1.3976430435693696
79.0,14.0,0.9424257796402375
80.0,14.0,1.173460267107421
82.0,14.0,0.1583386250228041
83.0,14.0,0.8864829585427726
88.0,14.0,0.2996698320582547
92.0,14.0,-0.8900722849191608
94.0,14.0,1.2080028570801584
3.0,15.0,0.9615626567519934
8.0,15.0,0.12940777188800434
9.0,15.0,0.04985594212727208
13.0,15.0,2.1830311584593436
18.0,15.0,1.1248411330950832
21.0,15.0,0.2019012112815353
23.0,15.0,0.9063512575733943
24.0,15.0,1.6713824093197274
25.0,15.0,2.5185975521088855
38.0,15.0,0.47279925946344825
39.0,15.0,0.027460010063974014
42.0,15.0,-0.5877274711272218
44.0,15.0,1.1404388321874204
52.0,15.0,1.456472368373999
58.0,15.0,0.6027693022481081
59.0,15.0,1.330396880653124
63.0,15.0,0.49259681271756667
64.0,15.0,1.1873242752340356
65.0,15.0,0.5207129516759547
66.0,15.0,-0.2813628767866524
67.0,15.0,3.1518788402339435e-17
70.0,15.0,0.45525272828518754
71.0,15.0,0.1018470112885379
73.0,15.0,0.5240992250998927
76.0,15.0,8.75232473833193e-18
79.0,15.0,0.28939566325910937
82.0,15.0,2.4426711696499424
85.0,15.0,0.5647834993662473
86.0,15.0,1.0697458771013622
87.0,15.0,0.8490159518327589
89.0,15.0,-0.19142091900476754
92.0,15.0,1.0074205809833034
1.0,16.0,0.47629727434677427
2.0,16.0,1.0610911210755705
5.0,16.0,0.39557795406162233
6.0,16.0,0.2192496340659764
8.0,16.0,0.30918700869638704
9.0,16.0,0.28560850215886824
10.0,16.0,0.31533966685091186
11.0,16.0,0.54133646828178
14.0,16.0,0.6676051831919819
21.0,16.0,0.9288561136898553
22.0,16.0,1.3193525030528028
25.0,16.0,2.5222315735305725
26.0,16.0,1.0758639344816787
29.0,16.0,0.5481679947139018
31.0,16.0,1.0555745402279102
34.0,16.0,0.15899533442373978
41.0,16.0,0.05982332180704023
42.0,16.0,-0.2026470285580767
43.0,16.0,1.0662213906351943
46.0,16.0,0.6699075686759947
47.0,16.0,0.9388909359636685
50.0,16.0,0.7768077894465463
51.0,16.0,0.30885320105254743
52.0,16.0,0.7755674587973701
53.0,16.0,0.8946988117695688
55.0,16.0,1.1574733660734542
59.0,16.0,0.8825757128406283
63.0,16.0,0.016782011076767737
64.0,16.0,0.21874440829449424
65.0,16.0,0.7450591538584617
66.0,16.0,-0.47777529508540834
67.0,16.0,-1.539968939939492e-17
75.0,16.0,0.02655132658124411
76.0,16.0,-1.0425944338559976e-17
77.0,16.0,0.2316243550825298
78.0,16.0,0.11945402553775553
80.0,16.0,0.6350459563007341
81.0,16.0,0.5183533089864361
83.0,16.0,0.13893961795510748
85.0,16.0,0.08775250594615587
86.0,16.0,2.66643066692047
87.0,16.0,1.3022772056845755
88.0,16.0,0.45283568661497303
89.0,16.0,3.856339491948258e-17
90.0,16.0,0.3475099161074556
92.0,16.0,0.5866954114508725
93.0,16.0,0.618504251719218
94.0,16.0,0.6748293894224208
2.0,17.0,0.12940716217798204
4.0,17.0,0.8017342610332662
6.0,17.0,0.12682929601990342
9.0,17.0,0.5130137938070266
10.0,17.0,1.0850326449136647
11.0,17.0,0.391737904224626
16.0,17.0,0.3906185247991885
18.0,17.0,2.4595599344285306
20.0,17.0,0.075964475015121
22.0,17.0,2.619928766675954
24.0,17.0,0.5386200452605738
25.0,17.0,0.18321009898983173
26.0,17.0,2.2326223875157436
28.0,17.0,0.9809980320561438
30.0,17.0,1.2950308347198503e-16
32.0,17.0,0.25559095869633447
35.0,17.0,0.620925779241759
36.0,17.0,-2.2821271605941802e-17
42.0,17.0,-5.4889538677515676e-17
46.0,17.0,1.9762173101848621
47.0,17.0,2.5442434994599963
52.0,17.0,0.25859689447698386
56.0,17.0,1.2011914243853383
62.0,17.0,1.4408669124737092
63.0,17.0,0.30651957454010664
64.0,17.0,1.0527337540067483
65.0,17.0,0.8937146814787033
66.0,17.0,-0.34405727652262746
67.0,17.0,2.0876739619214532e-16
68.0,17.0,1.5226086695808607
69.0,17.0,0.0890449709904767
71.0,17.0,1.153331801886966
74.0,17.0,0.02013132588796913
78.0,17.0,2.291767822373764
79.0,17.0,0.5105026896891346
80.0,17.0,0.6949082192161332
81.0,17.0,1.1336431770129125
82.0,17.0,1.2271092376709958
85.0,17.0,0.5288819786462218
87.0,17.0,1.130475605851779
88.0,17.0,0.9460494618062782
89.0,17.0,-3.512179566612722e-17
92.0,17.0,1.4322321338968678
93.0,17.0,0.2336005886867779
95.0,17.0,1.0363153044326907
2.0,18.0,0.257761403262548
4.0,18.0,1.2296477590995925
7.0,18.0,1.5960384568510724
8.0,18.0,1.5946747660164695
10.0,18.0,0.5099976797094402
11.0,18.0,0.11047820002016794
12.0,18.0,0.08030173755366946
13.0,18.0,0.3257034733001302
14.0,18.0,1.1569997065030793
19.0,18.0,0.933093128228314
20.0,18.0,1.0498837287849043
26.0,18.0,0.6195192888066124
28.0,18.0,0.684967497428105
34.0,18.0,0.05644932403068917
40.0,18.0,0.6303307525013337
42.0,18.0,-0.13149413870317095
48.0,18.0,0.19627265488255075
49.0,18.0,0.8596130585431727
51.0,18.0,1.0142319273279492
52.0,18.0,0.7717520886727989
59.0,18.0,0.28141122634806925
65.0,18.0,0.7834499800182191
66.0,18.0,-0.39081493484899316
68.0,18.0,2.019988594702173
71.0,18.0,0.6618331784375914
74.0,18.0,0.89155776431161
75.0,18.0,0.22900472239743344
77.0,18.0,1.3323293790756698
82.0,18.0,1.1647446834615325
84.0,18.0,1.4022662426605736
85.0,18.0,0.5347060879307891
88.0,18.0,0.08961482060970154
91.0,18.0,0.5939992870486799
92.0,18.0,0.734205181159436
95.0,18.0,0.42668791629590386
5.0,19.0,0.5794434468591881
7.0,19.0,0.857002154234732
18.0,19.0,1.0062288390309768
19.0,19.0,0.19600205257085618
24.0,19.0,0.11366322066532925
26.0,19.0,0.2150995039487897
33.0,19.0,2.7096101036842355
35.0,19.0,1.3955599283212896
37.0,19.0,1.1762034747621586
38.0,19.0,0.941043016551272
41.0,19.0,0.6810471523906189
42.0,19.0,-0.5288382506729059
43.0,19.0,0.10359812064747227
45.0,19.0,0.46625416676040976
47.0,19.0,0.6524085679462636
48.0,19.0,0.07719555646139666
49.0,19.0,0.6573679310165619
50.0,19.0,0.6705211668825269
53.0,19.0,0.7153615022831773
55.0,19.0,0.0013220316647834184
57.0,19.0,0.006543012176354022
58.0,19.0,2.2410881216698355
60.0,19.0,1.3319445195676947
61.0,19.0,0.8777398289614776
64.0,19.0,1.5726112641616519
65.0,19.0,0.5804373026723547
66.0,19.0,-0.288387713741848
67.0,19.0,3.812786687450601e-16
69.0,19.0,0.2630766062491821
71.0,19.0,1.5026355213983058
72.0,19.0,0.4327320377226865
77.0,19.0,0.15790668691290904
79.0,19.0,0.16448626777106135
84.0,19.0,0.4969227782610832
87.0,19.0,1.2346704811841533
89.0,19.0,-1.1477428507834992e-16
92.0,19.0,0.5791866421228619
95.0,19.0,0.5733009343707086
6.0,20.0,2.1539550518245316
10.0,20.0,2.2712564327073017
11.0,20.0,1.868576984284382
12.0,20.0,1.5906568342511282
14.0,20.0,0.5936461384160557
16.0,20.0,0.11306400544143513
23.0,20.0,0.27626692737866027
26.0,20.0,1.2223020230531019
28.0,20.0,1.5769496036756574
29.0,20.0,0.8604639926198335
30.0,20.0,1.8053776746883955e-16
31.0,20.0,0.1040213392902226
32.0,20.0,1.002703958043755
34.0,20.0,0.28547012631627455
35.0,20.0,0.7537204534815561
38.0,20.0,0.6707505131826326
41.0,20.0,0.04924998414513463
42.0,20.0,-1.429431622233171e-18
43.0,20.0,1.047812094675337
50.0,20.0,1.3542551337624202
51.0,20.0,0.5649283650436832
52.0,20.0,0.1825191756226339
61.0,20.0,0.46923156716431247
65.0,20.0,-0.8330958683460767
66.0,20.0,1.120043705867064
69.0,20.0,0.7981264509377014
70.0,20.0,0.27965281199470754
71.0,20.0,0.4012017726352509
74.0,20.0,1.4184293731411417
76.0,20.0,2.573587224099334e-17
78.0,20.0,1.2886889354448268
80.0,20.0,0.6822603319460053
81.0,20.0,0.8686388191100402
83.0,20.0,0.8079512371342722
89.0,20.0,4.2524819862666656e-17
92.0,20.0,0.39125188964424207
95.0,20.0,0.5724875738764825
matrix,row,col
L,95,20
I,J,V
1.0,1.0,-0.5679666079084819
2.0,1.0,-0.41114388053011125
5.0,1.0,-0.324701202215495
7.0,1.0,-0.7998317260302266
23.0,1.0,-1.2016856457691394
24.0,1.0,-0.9807496421047995
25.0,1.0,-2.0487730423475683
26.0,1.0,-1.4527794956495983
28.0,1.0,-3.5278902765991984
29.0,1.0,-1.2428642087157555
32.0,1.0,-2.3055302015129904
33.0,1.0,-0.4658040402040053
36.0,1.0,-1.422422921809897e-17
38.0,1.0,-0.28430382371914986
42.0,1.0,-1.3928140524440917
43.0,1.0,-2.954480024355491
44.0,1.0,-1.2713671885659097
45.0,1.0,-1.349713525990076
48.0,1.0,-0.4733313392838945
51.0,1.0,-0.8131851268611173
52.0,1.0,-1.2809057546808904
54.0,1.0,-0.6322670829494782
57.0,1.0,-0.7583138373543798
58.0,1.0,-0.8228145848610706
59.0,1.0,-0.0745043538649777
61.0,1.0,-0.8363663641295279
64.0,1.0,-0.4835331748888949
65.0,1.0,0.12194107651877406
66.0,1.0,-0.8518492425805186
68.0,1.0,-0.5196655879984552
75.0,1.0,-1.679092922126729
76.0,1.0,-9.871766517721002e-18
81.0,1.0,-0.3156306692199074
82.0,1.0,-1.1541689385811602
83.0,1.0,-0.9060345343182166
86.0,1.0,-0.8810837748807233
89.0,1.0,-1.2796727037563316
91.0,1.0,-1.5079118796617184
92.0,1.0,0.05468668371062502
94.0,1.0,-0.6437641587296247
95.0,1.0,-0.8732197170766789
1.0,2.0,-0.5306293697945963
2.0,2.0,-0.12335207139868254
4.0,2.0,-0.7242314102192514
7.0,2.0,-0.8945924912063619
8.0,2.0,-0.7706921500879398
9.0,2.0,-1.2399790139018612
10.0,2.0,-0.9241661592024178
15.0,2.0,-0.01454213564027258
21.0,2.0,-0.29842422473224467
22.0,2.0,-1.169635029349251
24.0,2.0,-0.9480290986312627
25.0,2.0,-0.3937587898642492
26.0,2.0,-0.6230267310044034
27.0,2.0,-0.764632071922514
29.0,2.0,-0.2955518874257001
32.0,2.0,-0.23871969470131948
33.0,2.0,-1.476247364330808
34.0,2.0,-1.5958929603904541
37.0,2.0,-2.293191513700036
42.0,2.0,-0.34473498542682596
43.0,2.0,-0.3418406440125892
48.0,2.0,-1.140293675035458
59.0,2.0,-0.650239594787418
60.0,2.0,-0.9650767558002601
65.0,2.0,0.15649222635355192
66.0,2.0,-0.24557390939756843
67.0,2.0,1.979129465793478e-17
69.0,2.0,-0.6911816152895729
70.0,2.0,-1.174739833831026
71.0,2.0,-0.02741246296999634
72.0,2.0,-1.0991257365625806
73.0,2.0,-0.20514430587479565
77.0,2.0,-0.4549726734250777
80.0,2.0,-1.4946727136285833
85.0,2.0,-0.3540983084548522
89.0,2.0,0.1633978540999941
92.0,2.0,0.035760407361324575
1.0,3.0,-1.3674593101203778
4.0,3.0,-1.8054946033995247
5.0,3.0,-0.8865689841202165
6.0,3.0,-1.2590752156500475
9.0,3.0,-0.8234435816589364
12.0,3.0,-0.6402619000407884
16.0,3.0,-2.0026912832359356
18.0,3.0,-0.2793645622056548
22.0,3.0,-0.5119423823966848
24.0,3.0,-1.8022474318388484
26.0,3.0,-0.5985889890241226
27.0,3.0,-0.4231953578963025
33.0,3.0,-0.38739388766332106
34.0,3.0,-0.944030932345935
38.0,3.0,-1.0881826915850499
44.0,3.0,-0.643249665225097
47.0,3.0,-0.29779586863197605
49.0,3.0,-0.7908039506698465
54.0,3.0,-1.2322567129248072
58.0,3.0,-0.53475761646674
59.0,3.0,-0.1551621094527396
62.0,3.0,-0.5477990324707857
63.0,3.0,-0.4783454926499037
71.0,3.0,-0.3689178990947929
79.0,3.0,-0.45251413677030866
81.0,3.0,-0.29428816460674245
82.0,3.0,-0.7318590438912322
84.0,3.0,-0.19746193543937474
88.0,3.0,-0.3046229560715622
89.0,3.0,0.11891593848223725
90.0,3.0,-2.9358601822324566
6.0,4.0,-0.6016874352596674
7.0,4.0,-1.1076174341578102
9.0,4.0,-0.01003705384824079
13.0,4.0,-0.23918020719651142
15.0,4.0,-0.5656008557858815
24.0,4.0,-0.5019835519446535
25.0,4.0,-0.42897200659172535
26.0,4.0,-1.4582618303294153
29.0,4.0,-0.38124194813998286
38.0,4.0,-0.13550402311436296
39.0,4.0,-0.6302690300724217
41.0,4.0,-0.11506943929786102
42.0,4.0,-1.7342177664927843
43.0,4.0,-0.7552725368035661
47.0,4.0,-0.292856750445793
55.0,4.0,-0.14643459467534323
57.0,4.0,-2.0408499677857437
58.0,4.0,-0.6533519263808878
64.0,4.0,-3.0813325960776514
65.0,4.0,-0.12377753052706603
66.0,4.0,-0.399452918026066
71.0,4.0,-1.1485066121281733
72.0,4.0,-0.9728060400601818
75.0,4.0,-0.6336320785798223
77.0,4.0,-0.13760838269742331
79.0,4.0,-0.4875584804563615
80.0,4.0,-1.052328000787876
81.0,4.0,-1.0785756907137953
85.0,4.0,-1.2991953288105145
86.0,4.0,-0.23253413978103366
87.0,4.0,-2.051576437633785
92.0,4.0,0.17391934644607976
93.0,4.0,-1.2159306204221185
94.0,4.0,-0.3090531367967067
95.0,4.0,-1.7079288261704357
2.0,5.0,-0.10091214110829025
3.0,5.0,-1.0366272266044505
4.0,5.0,-0.627484036569929
5.0,5.0,-2.3954443279306368
9.0,5.0,-1.2328758006446014
13.0,5.0,-0.005304364381786838
18.0,5.0,-0.37652422565553884
19.0,5.0,-0.2237419669378977
22.0,5.0,-1.3221613980492537
23.0,5.0,-1.3327996150785015
25.0,5.0,-0.8735582800554238
26.0,5.0,-0.4375950526307315
27.0,5.0,-0.222876840339775
34.0,5.0,-0.5813470194435413
38.0,5.0,-0.4549633178223916
41.0,5.0,-0.09852818449814642
42.0,5.0,-0.3443217949980184
44.0,5.0,-0.3318622191716641
48.0,5.0,-1.0684628768968567
57.0,5.0,-1.1178055084806036
58.0,5.0,-0.053364007805071376
61.0,5.0,-0.8843782013231123
62.0,5.0,-0.5097696884408368
65.0,5.0,-0.5214859901146244
66.0,5.0,0.17866405191428425
68.0,5.0,-1.1785638063555555
69.0,5.0,-0.03787155909461468
71.0,5.0,-0.4709153057089451
78.0,5.0,-0.09266640039702802
81.0,5.0,-0.7633149641821616
85.0,5.0,-1.0431675867559984
86.0,5.0,-0.37635025876048933
89.0,5.0,-0.398470615920317
92.0,5.0,-0.5255415525011455
94.0,5.0,-1.0603825800737703
95.0,5.0,-0.8896433935417176
3.0,6.0,-1.1918363517053117
5.0,6.0,-1.1351291708862872
7.0,6.0,-1.432517691223765
12.0,6.0,-0.28408334149790776
13.0,6.0,-0.14629480552953855
14.0,6.0,-1.4733812902425658
16.0,6.0,-0.0067934261558783154
17.0,6.0,-1.1744832765749853
18.0,6.0,-0.4204595008758185
21.0,6.0,-0.6003444447347331
27.0,6.0,-0.3246178188812904
28.0,6.0,-0.3661587043754776
29.0,6.0,-0.21110205184958164
32.0,6.0,-0.9983221177593956
34.0,6.0,-1.1007717471343228
35.0,6.0,-0.21720590936459616
39.0,6.0,-0.890595381911672
44.0,6.0,-0.027737784801531107
48.0,6.0,-1.1298261516446642
49.0,6.0,-0.04373424843023108
52.0,6.0,-0.7028396391260285
54.0,6.0,-0.20071337749461354
55.0,6.0,-0.837355338307332
64.0,6.0,-1.2166905782532955
69.0,6.0,-0.7331972462053483
70.0,6.0,-0.777165241048851
74.0,6.0,-1.1250386771493053
77.0,6.0,-1.149189933533188
78.0,6.0,-0.11544675249071942
81.0,6.0,-0.6847382529857038
88.0,6.0,-0.26161434550160106
89.0,6.0,-0.03397228768323672
4.0,7.0,-0.7051541401110696
6.0,7.0,-0.2649079914163905
21.0,7.0,-1.8771342256313268
23.0,7.0,-0.3850155031315397
31.0,7.0,-1.80869925341376
34.0,7.0,-0.6158094937452885
42.0,7.0,-0.4758140737693922
43.0,7.0,-0.34496016744887503
53.0,7.0,-0.724170905947256
55.0,7.0,-0.9472922331629532
57.0,7.0,-0.5972540480395684
58.0,7.0,-1.0530631500552063
59.0,7.0,-1.6370181791851997
61.0,7.0,-1.2117679421989513
64.0,7.0,-1.4343157721816533
65.0,7.0,0.11505879944968925
66.0,7.0,-0.6557586325160613
67.0,7.0,-2.813090481544567e-17
69.0,7.0,-1.1690410799782
72.0,7.0,-0.05428704437603745
73.0,7.0,-0.031072946633629018
75.0,7.0,-0.3585402267269463
79.0,7.0,-0.12784326823304934
85.0,7.0,-0.26172948440586946
88.0,7.0,-1.020485451026377
89.0,7.0,1.5570750536715188e-20
90.0,7.0,-0.19273923999047501
92.0,7.0,0.14681189492737645
2.0,8.0,-1.3790831146327385
6.0,8.0,-0.12258230362391047
8.0,8.0,-0.19856616510833583
9.0,8.0,-2.2416777907242675
10.0,8.0,-1.219284336585879
14.0,8.0,-0.08872915660970676
17.0,8.0,-0.29584250934509004
19.0,8.0,-0.7614506257554559
21.0,8.0,-0.6458961142577716
24.0,8.0,-1.2123010665385043
28.0,8.0,-2.3949066336410954
30.0,8.0,-3.327075138833504e-17
31.0,8.0,-1.9681060231174934
32.0,8.0,-1.217950360215132
33.0,8.0,-0.4736309262485687
36.0,8.0,-2.1435666199886644e-17
42.0,8.0,0.9490767127346301
44.0,8.0,-1.111053013755718
47.0,8.0,-1.4128316033699695
57.0,8.0,-1.8265564080038332
60.0,8.0,-1.0950018416937135
65.0,8.0,-0.6943093614951841
66.0,8.0,-0.48189278259342516
67.0,8.0,-6.773665332520782e-17
76.0,8.0,2.0766422149972888e-17
85.0,8.0,-0.23721253311499038
89.0,8.0,-3.322162146392455e-34
90.0,8.0,-0.32265044548025956
91.0,8.0,-2.072715486734527
92.0,8.0,-0.718683655245138
94.0,8.0,-0.42179782402965627
4.0,9.0,-1.6576761286571382
6.0,9.0,-0.25137491146407964
7.0,9.0,-0.39699842042183
9.0,9.0,-0.7750724744429843
11.0,9.0,-1.7489814262345982
15.0,9.0,-0.4786054334461259
19.0,9.0,-1.4109407256655846
20.0,9.0,-0.1617953568072487
22.0,9.0,-1.1261287787424232
24.0,9.0,-2.086038235160556
26.0,9.0,-2.0862875798313385
28.0,9.0,-0.8664419971550877
30.0,9.0,-6.897248587635623e-19
37.0,9.0,-0.4189823857889219
39.0,9.0,-1.269154931974782
40.0,9.0,-0.7724539912256223
41.0,9.0,-1.163320757423048
47.0,9.0,-1.2729158899591575
52.0,9.0,-0.27085941841313405
54.0,9.0,-0.5315938116897564
55.0,9.0,-0.14791816990446938
59.0,9.0,-0.5600138141411343
60.0,9.0,-0.6008591016940054
61.0,9.0,-2.020392199846629
64.0,9.0,-1.721373315262872
65.0,9.0,-7.431354161529855e-18
66.0,9.0,-2.425765887776825e-18
70.0,9.0,-0.08294253425339056
71.0,9.0,-0.1581087322521103
73.0,9.0,-0.8409038174801765
75.0,9.0,-0.0854094517657498
76.0,9.0,-2.5242017224233007e-19
83.0,9.0,-0.3668109772172109
86.0,9.0,-1.0524551760912453
87.0,9.0,-0.4888336079323507
89.0,9.0,0.23468262448854477
90.0,9.0,-0.5313652391703814
91.0,9.0,-1.699706868141932
92.0,9.0,-1.6164414351497455e-18
93.0,9.0,-1.6307904916956297
94.0,9.0,-0.5173736931732924
2.0,10.0,-0.6546425977273164
8.0,10.0,-1.035756634055195
9.0,10.0,-0.3394581839264965
12.0,10.0,-0.6996766083228458
15.0,10.0,-0.06738877697894745
18.0,10.0,-1.8380243693624754
21.0,10.0,-0.6002657643460199
24.0,10.0,-1.1535099246730642
26.0,10.0,-1.0527986596986711
30.0,10.0,-1.9585855827788142e-16
34.0,10.0,-1.8691590654707757
37.0,10.0,-1.7034353751694051
41.0,10.0,-0.4506166739953448
42.0,10.0,-1.1416053553305725
43.0,10.0,-2.2145075690999496
47.0,10.0,-0.899790923398677
49.0,10.0,-1.524060634687449
52.0,10.0,-0.9385457954595333
54.0,10.0,-0.923526615084281
58.0,10.0,-1.1321329395669648
59.0,10.0,-0.20039815407620118
63.0,10.0,-0.7490431893375793
64.0,10.0,-1.0449588569969537
65.0,10.0,-0.03920092339703796
66.0,10.0,-0.7034517669548643
67.0,10.0,-1.4737459134765297e-16
68.0,10.0,-1.0738747247911185
72.0,10.0,-2.1899551314032717
75.0,10.0,-1.5270574533058026
76.0,10.0,-1.957147790372137e-16
77.0,10.0,-0.9605565100176867
80.0,10.0,-0.6658726024264773
83.0,10.0,-0.35525323074517035
85.0,10.0,-2.1772499295606806
87.0,10.0,-0.12900762122827744
88.0,10.0,-0.29747392071348117
89.0,10.0,-5.1675945677646074e-17
92.0,10.0,0.47597072063188933
94.0,10.0,-0.8514743158480693
95.0,10.0,-0.3311098554787046
1.0,11.0,-0.42336526466675595
3.0,11.0,-0.12138212082963684
4.0,11.0,-2.1643020747652364
9.0,11.0,-0.9463991748907479
13.0,11.0,-1.2560646027061944
14.0,11.0,-0.7160483648704443
19.0,11.0,-1.345325430892657
21.0,11.0,-0.990940486433954
23.0,11.0,-1.1977103957317148
28.0,11.0,-0.6281463936692356
30.0,11.0,2.47722654447447e-35
33.0,11.0,-0.22783075792271645
35.0,11.0,-0.2691436736499729
37.0,11.0,-0.06024993161181692
40.0,11.0,-1.570534453864143
44.0,11.0,-0.19566261388123293
47.0,11.0,-0.8338922265756271
52.0,11.0,-0.8467375653662944
54.0,11.0,-0.1150493466483223
56.0,11.0,-1.8426816153787289
57.0,11.0,-0.6568778533742808
58.0,11.0,-0.7519044157972781
63.0,11.0,-0.5930411538762668
65.0,11.0,-2.7364735315601478e-17
67.0,11.0,-2.2384527748140568e-17
70.0,11.0,-0.5326913633810602
71.0,11.0,-0.18011924442696206
72.0,11.0,-1.2416969664335453
73.0,11.0,-0.07493149447879588
82.0,11.0,-0.4855202413948583
84.0,11.0,-0.4324245891979062
87.0,11.0,-1.3493418121636889
88.0,11.0,-0.230246234695647
89.0,11.0,-0.2105069892100607
92.0,11.0,-2.227793321673531e-17
95.0,11.0,-0.5816091708834943
4.0,12.0,-1.112279152603701
5.0,12.0,-2.0811606906476783
8.0,12.0,-0.6513293058057091
10.0,12.0,-2.4198674142978773
12.0,12.0,-0.483852964864982
16.0,12.0,-0.8851248396961455
17.0,12.0,-0.4932324662522864
20.0,12.0,-1.104013290033846
21.0,12.0,-1.5737551816433824
22.0,12.0,-0.05622061995414215
26.0,12.0,-0.3781889524028209
27.0,12.0,-0.8711398723971743
31.0,12.0,-0.7644388119213748
32.0,12.0,-0.42554845121708657
33.0,12.0,-0.06204215098202671
35.0,12.0,-0.8605356001026704
36.0,12.0,-1.7837355514450462e-18
38.0,12.0,-0.46170937478434754
39.0,12.0,-0.21230803861138825
41.0,12.0,-0.5328255955187965
42.0,12.0,0.07799037577169343
45.0,12.0,-0.9831611866751129
46.0,12.0,-1.0297394822231756
52.0,12.0,-0.8379548363329581
55.0,12.0,-0.43246141334585236
58.0,12.0,-1.2071992273584484
63.0,12.0,-0.10107130877323507
65.0,12.0,-0.0807997090933509
66.0,12.0,0.03602061556594771
67.0,12.0,2.3528365933175576e-19
69.0,12.0,-0.7815411114442232
72.0,12.0,-2.05880171403854
75.0,12.0,-0.9283649312780233
76.0,12.0,1.244268726021399e-18
78.0,12.0,-1.2943744746642323
79.0,12.0,-0.3677232810819549
81.0,12.0,-0.9943248144917559
85.0,12.0,-1.2009803863172261
89.0,12.0,-2.8025000995622476e-18
91.0,12.0,-2.2137251093226746
92.0,12.0,-0.07495751543749478
93.0,12.0,-0.6320359654998179
2.0,13.0,-0.056767591192521914
6.0,13.0,-0.9186583735868549
7.0,13.0,-0.11615138557296341
9.0,13.0,-1.9214162378517161
10.0,13.0,-0.5544890581445643
11.0,13.0,-0.6821730154888581
15.0,13.0,-0.0481364046427595
23.0,13.0,-0.1660020082489816
24.0,13.0,-0.1496084925816395
28.0,13.0,-0.9494453454243397
29.0,13.0,-0.6096288974736642
34.0,13.0,-0.7252738277536461
36.0,13.0,5.735932138296533e-18
39.0,13.0,-1.5947690626061768
41.0,13.0,-1.7049525680412252
42.0,13.0,-1.0771593397361732
43.0,13.0,-1.392257741700527
44.0,13.0,-0.40364539125653726
49.0,13.0,-0.28962390276919586
52.0,13.0,-0.33579239268500016
57.0,13.0,-2.907798999302473
61.0,13.0,-0.08829405003482362
63.0,13.0,-2.1928366935478865
65.0,13.0,0.370511672853734
66.0,13.0,-0.744082838669198
67.0,13.0,2.7224592761658997e-17
69.0,13.0,-1.1629541091247826
70.0,13.0,-1.0243621615130003
71.0,13.0,-1.6082865078627253
76.0,13.0,-3.957565082043714e-33
78.0,13.0,-0.04196504752259542
79.0,13.0,-0.9655231359874451
82.0,13.0,-0.6306907822267537
88.0,13.0,-1.0723730897848567
89.0,13.0,-0.4682841612430375
92.0,13.0,0.4014144446139932
2.0,14.0,-0.8846222493985423
4.0,14.0,-1.758470409772794
6.0,14.0,-0.11033360731280194
7.0,14.0,-0.6857505829675763
16.0,14.0,-1.121752791709021
18.0,14.0,-0.33944235955306434
25.0,14.0,-0.06139798264372974
30.0,14.0,4.4254902152905703e-17
34.0,14.0,-0.37934910689123724
36.0,14.0,3.130321701027753e-17
38.0,14.0,-0.0809000838187009
46.0,14.0,-1.4697857899083628
50.0,14.0,-0.2315580439690017
55.0,14.0,-0.2490324727801145
57.0,14.0,-0.45174047360207675
61.0,14.0,-1.6083068305571004
62.0,14.0,-0.7650388077453492
63.0,14.0,-0.003941268731803007
65.0,14.0,-1.5327718450818761
66.0,14.0,0.4565453364224157
67.0,14.0,-1.496292826008691e-16
68.0,14.0,-0.07406130988326194
70.0,14.0,-0.01802943566452848
71.0,14.0,-0.08181499880658746
72.0,14.0,-1.5492333641629117
74.0,14.0,-0.748881299456081
75.0,14.0,-0.5672239327603732
81.0,14.0,-0.16153977552245385
85.0,14.0,-1.4953525980244866
86.0,14.0,-1.0519730448442974
88.0,14.0,-0.04544924315548801
90.0,14.0,-0.6354541210325579
91.0,14.0,-0.2915201930435509
92.0,14.0,-1.142404960640587
94.0,14.0,-0.18675112492790155
14.0,15.0,-0.6562046255989874
15.0,15.0,-0.7896114680785056
19.0,15.0,-1.1139285873316918
24.0,15.0,-1.8073279384623142
29.0,15.0,-0.9426323844886609
31.0,15.0,-0.640620162342203
32.0,15.0,-2.753386982778143
34.0,15.0,-0.6080284595454755
41.0,15.0,-0.0713218683911784
42.0,15.0,-1.1881235861773924
43.0,15.0,-0.9739878006258433
44.0,15.0,-1.0158587319148182
45.0,15.0,-0.4517734402802202
46.0,15.0,-0.4502651454783615
48.0,15.0,-2.1175028823213546
49.0,15.0,-1.161329440265491
50.0,15.0,-0.5151603957826767
51.0,15.0,-0.8824955080052227
54.0,15.0,-2.1445358121552798
55.0,15.0,-0.8405302685690291
61.0,15.0,-2.0698955116754014
65.0,15.0,-0.7237173469522094
66.0,15.0,-0.5277358719516945
67.0,15.0,2.6687347534582102e-17
68.0,15.0,-2.3337457043600187
72.0,15.0,-0.8706984956631761
75.0,15.0,-0.6065803514702923
76.0,15.0,5.840298915792838e-18
78.0,15.0,-0.42907483330813345
86.0,15.0,-0.05985285659440664
88.0,15.0,-2.5124631081723936
89.0,15.0,-1.234640323096891
90.0,15.0,-2.045177054591338
91.0,15.0,-0.4747470335698147
92.0,15.0,0.4847694686062162
93.0,15.0,-0.27860906285138914
94.0,15.0,-0.512908408372841
12.0,16.0,-0.5455122661159738
13.0,16.0,-1.4030749895408985
15.0,16.0,-0.6012730239981723
18.0,16.0,-2.0636631880823124
20.0,16.0,-0.708166245084686
23.0,16.0,-0.2813779201969901
24.0,16.0,-0.86607199179311
25.0,16.0,-1.2301361911450932
28.0,16.0,-0.42611682628732794
32.0,16.0,-0.6733514791164535
33.0,16.0,-1.0278695180100694
38.0,16.0,-0.5016579281867101
39.0,16.0,-0.7111322990741222
42.0,16.0,-1.1651747589133576
43.0,16.0,-1.0106784294534943
45.0,16.0,-0.5741306040232288
48.0,16.0,-0.8081660977546665
53.0,16.0,-1.6870664373657103
57.0,16.0,-0.788434722275562
58.0,16.0,-0.8054542071262784
62.0,16.0,-0.8749126991373529
65.0,16.0,0.15964870088449123
66.0,16.0,-0.7139131212729422
67.0,16.0,-3.9097773093959467e-17
68.0,16.0,-1.098457371025069
72.0,16.0,-2.3660888276715886
76.0,16.0,-5.2560494668350366e-17
79.0,16.0,-1.409366180394845
80.0,16.0,-0.49983114089682096
85.0,16.0,-0.37253849258651484
89.0,16.0,9.180177367478068e-18
91.0,16.0,-1.3006670848535626
92.0,16.0,0.3305282912653783
95.0,16.0,-0.45692303485877817
1.0,17.0,-0.2643466776730874
4.0,17.0,-0.3055708264531995
7.0,17.0,-0.920000413792393
9.0,17.0,-0.02925551178055621
11.0,17.0,-0.2547396697819795
12.0,17.0,-0.9497265631631385
14.0,17.0,-0.7134289572723429
15.0,17.0,-1.6560995471354532
19.0,17.0,-0.8315593131471852
20.0,17.0,-0.6622368102493733
21.0,17.0,-0.5295040729056867
23.0,17.0,-0.41104356178606155
30.0,17.0,1.2760987194307095e-16
31.0,17.0,-1.3777810384671096
33.0,17.0,-0.21370480982236414
35.0,17.0,-0.02714126328395713
36.0,17.0,-5.399694546811489e-17
39.0,17.0,-1.0098359629978828
41.0,17.0,-0.7201341034014019
42.0,17.0,-1.4474711304237144e-16
45.0,17.0,-1.0661124941679585
48.0,17.0,-0.9332901045775064
51.0,17.0,-0.08380502570398277
59.0,17.0,-1.079399351752465
60.0,17.0,-1.8379290884393609
61.0,17.0,-0.7658297373879166
62.0,17.0,-1.7793874124719318
64.0,17.0,-1.8578807395099175
65.0,17.0,0.4108032580847659
66.0,17.0,-0.5344022215328367
67.0,17.0,5.162648916055503e-17
68.0,17.0,-0.04631535731144611
70.0,17.0,-1.5790118983667778
72.0,17.0,-1.18618290866236
77.0,17.0,-2.193241876528179
78.0,17.0,-0.07833620989639964
82.0,17.0,-1.0848070432345112
83.0,17.0,-0.730119715801882
84.0,17.0,-0.15970492235634604
85.0,17.0,-0.9993129131573021
89.0,17.0,-1.2566939235682213e-16
92.0,17.0,0.162433846189165
1.0,18.0,-0.10828587252045785
3.0,18.0,-1.443742845504402
5.0,18.0,-0.4435607038331118
6.0,18.0,-1.1609779472936386
7.0,18.0,-1.2782043367826175
10.0,18.0,-1.7327705310115311
12.0,18.0,-0.33206171990866684
13.0,18.0,-0.9484548209508674
19.0,18.0,-0.0032285546786602337
20.0,18.0,-1.035478389121041
23.0,18.0,-0.26769569072284527
24.0,18.0,-0.18773519516368464
31.0,18.0,-0.269160819210128
32.0,18.0,-1.2219765414776877
34.0,18.0,-0.7845454425656972
35.0,18.0,-1.718920932639617
37.0,18.0,-0.34759859592311204
38.0,18.0,-0.4613778830091295
39.0,18.0,-1.0673954364980942
41.0,18.0,-1.2206322694567
42.0,18.0,-1.1518121227835043
43.0,18.0,-1.4449339248621709
47.0,18.0,-0.1674865680946426
49.0,18.0,-1.7625373883086806
50.0,18.0,-1.0601374384573443
54.0,18.0,-0.5872916837399692
55.0,18.0,-1.4878180267629537
56.0,18.0,-1.800047991581963
64.0,18.0,-0.09339535405424014
65.0,18.0,-0.5315261223773649
66.0,18.0,-1.0102589659496335
69.0,18.0,-0.7074231636753199
80.0,18.0,-2.214679366083157
81.0,18.0,-1.2141528941574529
82.0,18.0,-0.19463504825045833
85.0,18.0,-0.6631420832016023
86.0,18.0,-0.18065303329064505
87.0,18.0,-0.3071713094858339
90.0,18.0,-0.24142901604502798
92.0,18.0,0.2750093906902207
93.0,18.0,-2.0842987675758606
94.0,18.0,-0.36909518777619954
1.0,19.0,-0.11590920988735902
5.0,19.0,-0.3785801659599083
13.0,19.0,-1.1990707082682346
16.0,19.0,-0.8345453787931516
22.0,19.0,-0.44182042681018685
28.0,19.0,-0.08111744859648036
34.0,19.0,-0.29809130473115014
39.0,19.0,-0.09172738076793707
42.0,19.0,-1.013323729440106
43.0,19.0,-1.300638597963928
51.0,19.0,-0.7634128418963937
52.0,19.0,-0.7412996635957705
56.0,19.0,-0.8203023404063442
62.0,19.0,-0.5700480734652998
64.0,19.0,-1.2663427908603115
65.0,19.0,0.3496685469998135
66.0,19.0,-0.5058685904583664
67.0,19.0,-6.351573038155397e-16
69.0,19.0,-0.1935879024792918
70.0,19.0,-0.4955624286108628
73.0,19.0,-0.8016827855009063
75.0,19.0,-0.4977101206960088
78.0,19.0,-0.29428634267695447
79.0,19.0,-1.944464261763167
80.0,19.0,-1.261966913578352
83.0,19.0,-0.24907899320556004
84.0,19.0,-0.08509540465867906
88.0,19.0,-1.2909987110327013
89.0,19.0,-2.0335676175996666e-16
91.0,19.0,-0.732192270869288
92.0,19.0,0.2515128881459676
1.0,20.0,-1.349283365371093
3.0,20.0,-0.38669172588559286
5.0,20.0,-0.6732106794152499
17.0,20.0,-0.49662624784508697
19.0,20.0,-0.32984303867584736
22.0,20.0,-1.4943601978974288
23.0,20.0,-1.1165270900988875
24.0,20.0,-0.5760840214328009
25.0,20.0,-1.7833615952450759
27.0,20.0,-1.046327619406166
28.0,20.0,-1.1318967936170474
29.0,20.0,-0.6765748935995406
30.0,20.0,-2.0372818164636362e-17
32.0,20.0,-1.1492378393133202
34.0,20.0,-0.7449359080622588
42.0,20.0,-5.5428718283796814e-18
44.0,20.0,-0.1829117331360374
49.0,20.0,-1.2382487284429962
54.0,20.0,-0.900561101558932
55.0,20.0,-0.8258339822028647
57.0,20.0,-0.17464536562748023
59.0,20.0,-1.535791531897661
64.0,20.0,-0.5674835241569379
65.0,20.0,-1.127145742265634
66.0,20.0,0.8890773715859613
68.0,20.0,-0.2725872450631541
69.0,20.0,-0.5319056178654046
72.0,20.0,-2.7235862444265426
75.0,20.0,-0.8626794109327115
76.0,20.0,-9.084198893310801e-17
79.0,20.0,-1.0654204672389036
81.0,20.0,-0.11411766256196795
82.0,20.0,-0.4141648830509973
83.0,20.0,-1.5172736109938743
88.0,20.0,-3.133451400315078
89.0,20.0,-2.1305908631132382e-16
92.0,20.0,-1.3638972210685405
vector,row,col
K,1,1
I,V
1,4
