vector,row,col
v,4456,1
I,V
1.0,-4.811317574977974e-17
2.0,-1.812237498918612e-16
3.0,-4.0772994804232886e-17
6.0,1.2148552667108833e-16
8.0,3.5563291036307825e-16
10.0,6.134517786843781e-17
11.0,-1.7488196125131445e-16
13.0,-0.6939427150826367
21.0,5.654004242589037e-17
23.0,1.540075043371622e-16
26.0,2.88875055258352e-16
32.0,-2.9890846151462097e-16
33.0,0.6939427150826365
35.0,0.6939427150826362
42.0,5.209530664396523e-16
57.0,4.885890143201378e-17
62.0,-5.098922765716642e-17
63.0,3.376371729459245e-17
71.0,-2.465190328815662e-32
76.0,-4.451642902228081e-18
85.0,4.8858901432013767e-17
98.0,4.881793597337155e-18
99.0,-2.9784692329681066e-17
100.0,-1.3782461028703086e-16
101.0,-2.3765652803859186e-17
102.0,-1.2432666087743145e-16
104.0,2.3765652803859186e-17
111.0,4.8817935973369e-18
113.0,1.3307908877871801e-16
114.0,4.305429698220103e-17
116.0,3.519542756645514e-17
119.0,3.519542756645514e-17
121.0,-3.697785493223493e-32
122.0,-1.2432666087743123e-16
126.0,-6.644407305106504e-18
127.0,3.2620303645883335e-17
132.0,6.644407305106504e-18
136.0,-2.9784692329681066e-17
137.0,-2.680622309671296e-16
141.0,-1.3699226075162668e-17
144.0,-5.1148250248861454e-17
148.0,-1.759771378322757e-17
151.0,-4.8817935973369e-18
153.0,-3.519542756645514e-17
155.0,-3.5159675356851114e-17
158.0,6.649230520145376e-17
169.0,-3.389636702121535e-31
172.0,3.0307589168605252e-18
174.0,3.0307589168605252e-18
175.0,5.662012463853956e-17
179.0,-3.5159675356851114e-17
185.0,8.932104785463174e-17
187.0,8.43133201428298e-17
188.0,8.658928543151273e-17
189.0,8.658928543151273e-17
190.0,9.69689860667219e-17
191.0,-9.69689860667219e-17
194.0,1.0465247819593968e-16
196.0,-3.5159675356851114e-17
200.0,-6.644407305106504e-18
203.0,1.767321428287962e-17
206.0,1.9190606919163016e-16
207.0,-1.671002792028966e-17
208.0,-1.4794168353150657e-18
209.0,8.932104785463174e-17
210.0,-9.69689860667219e-17
211.0,9.696898606672208e-17
216.0,-2.898141462271843e-16
221.0,1.3952595350937745e-17
222.0,1.3952595350937745e-17
226.0,2.5574125124430727e-17
237.0,-1.705989610128667e-16
244.0,-1.9511804985824735e-18
250.0,-1.2826512842205615e-16
252.0,1.3952595350937745e-17
254.0,-2.465190328815662e-32
257.0,-1.8795537929732982e-18
260.0,-5.212353034691792e-19
261.0,-1.9287432173073104e-18
262.0,-3.0307589168605252e-18
267.0,-2.374036953383629e-18
269.0,-3.8531715728309356e-19
270.0,-1.1253159531851152e-18
271.0,-2.5099550995697147e-18
282.0,-1.759771378322757e-17
283.0,-1.759771378322757e-17
287.0,-4.451642902228081e-18
290.0,8.913123331097613e-17
292.0,-2.0818594511989192e-16
294.0,5.662012463853956e-17
296.0,-3.5159675356851114e-17
299.0,5.662012463853956e-17
303.0,3.5159675356851114e-17
306.0,-3.5159675356851114e-17
307.0,-1.3699226075162668e-17
311.0,-2.4242121088334076e-17
316.0,-2.1527148491100514e-17
318.0,-2.465190328815662e-32
321.0,-1.8488927466117464e-31
323.0,-1.9930097461512338e-17
325.0,5.946453674739404e-18
328.0,4.8858901432013767e-17
331.0,5.946453674739404e-18
337.0,3.519542756645514e-17
338.0,2.1527148491100514e-17
342.0,-3.5159675356851114e-17
345.0,5.662012463853956e-17
351.0,1.927689100301348e-16
353.0,2.9588336706301314e-18
356.0,-3.0022808290882026e-18
358.0,-1.9352155099828384e-18
363.0,-5.639899338542168e-17
365.0,-2.5191163672585045e-31
370.0,-2.680622309671296e-16
372.0,-3.8531715728309356e-19
373.0,-3.3306690738754696e-16
378.0,1.0537866211663586e-18
381.0,4.513004801568987e-19
392.0,-1.759771378322757e-17
401.0,-4.305429698220103e-17
402.0,5.946453674739404e-18
408.0,1.8795537929732982e-18
409.0,-4.3496530970641723e-17
411.0,6.644407305106504e-18
412.0,6.644407305106504e-18
414.0,5.474819564230806e-17
420.0,5.474819564230806e-17
423.0,4.451642902228081e-18
433.0,4.8858901432013816e-17
436.0,6.905926252817654e-18
438.0,2.5191163672585045e-31
446.0,-2.898141462271843e-16
447.0,5.342332327924544e-17
455.0,-1.0663420101439433e-16
470.0,1.767321428287962e-17
472.0,1.2935704932815762e-16
476.0,-9.96826046332208e-17
478.0,3.8142005653809716e-17
479.0,3.8142005653809716e-17
480.0,3.8142005653809716e-17
481.0,3.8142005653809716e-17
493.0,4.440892098500626e-16
495.0,3.627167181585275e-18
496.0,1.1102230246251565e-16
498.0,-4.853463471691486e-16
506.0,4.440892098500626e-16
508.0,-3.619693432205481e-16
512.0,5.63479939642167e-16
513.0,-2.01510596421619e-16
517.0,1.1102230246251565e-16
519.0,4.440892098500626e-16
520.0,-5.51484345130993e-16
521.0,-4.440892098500626e-16
522.0,5.551115123125783e-16
533.0,3.1412103647830537e-17
552.0,-0.47397487176008807
555.0,-0.666595822156204
566.0,1.1102230246251565e-16
582.0,0.9373794051857981
585.0,-4.666304518658851e-16
595.0,-3.5563291036307825e-16
604.0,4.440892098500626e-16
605.0,1.4601857171779552e-16
606.0,-2.647621705209602e-16
621.0,1.2212453270876722e-15
622.0,1.794398416515012e-16
624.0,-7.214532518156067e-16
644.0,-3.5563291036307825e-16
652.0,-1.0418653753224691e-17
657.0,-3.283604532181606e-16
675.0,-1.3968479767389217e-16
681.0,-1.3968479767389217e-16
700.0,-3.5159675356851015e-17
703.0,-1.3968479767389217e-16
706.0,-5.2452670652257265e-17
709.0,-1.3968479767389217e-16
723.0,5.2452670652257265e-17
724.0,5.2452670652257265e-17
725.0,5.2452670652257265e-17
726.0,5.2452670652257265e-17
727.0,5.2452670652257265e-17
728.0,5.2452670652257265e-17
729.0,5.2452670652257265e-17
730.0,5.2452670652257265e-17
731.0,5.2452670652257265e-17
732.0,5.2452670652257265e-17
733.0,5.2452670652257265e-17
734.0,5.2452670652257265e-17
735.0,-1.3968479767389217e-16
737.0,-1.697489327153492e-16
739.0,3.006413504145705e-17
754.0,-3.006413504145705e-17
762.0,3.006413504145705e-17
769.0,-1.697489327153492e-16
780.0,7.214532518156067e-16
785.0,-7.385181717261309e-16
822.0,-4.608260645092402e-16
823.0,2.01510596421619e-16
831.0,4.440892098500626e-16
842.0,-9.860761315262648e-32
849.0,1.8477242559927064e-17
850.0,-7.771561172376096e-16
857.0,-4.213655143083108e-17
860.0,1.1102230246251565e-16
880.0,8.881784197001252e-16
889.0,-4.440892098500626e-16
890.0,4.440892098500626e-16
891.0,-3.99699578823044e-16
919.0,8.881784197001252e-16
956.0,-0.47397487176008807
959.0,-0.6665958221562045
960.0,-1.4601857171779552e-16
965.0,-1.0265387513292685e-16
972.0,-4.440892098500626e-16
973.0,5.51484345130993e-16
975.0,-5.551115123125783e-16
980.0,1.2750217548429532e-15
983.0,-3.283604532181607e-16
985.0,9.860761315262648e-32
986.0,0.9373794051857981
987.0,-3.1905019083512975e-17
993.0,7.771561172376096e-16
1034.0,3.99699578823044e-16
1050.0,1.6418022660908036e-16
1055.0,4.0909294059478275e-16
1061.0,-5.51484345130993e-16
1064.0,-1.2212453270876722e-15
1065.0,-1.794398416515012e-16
1070.0,3.89724918836177e-16
1073.0,1.148636884453133e-16
1074.0,2.884641496450844e-17
1077.0,-4.666304518658851e-16
1091.0,2.1733815075564497e-16
1111.0,8.881784197001252e-16
1122.0,2.3251788647264062e-17
1126.0,-8.295866936180035e-17
1152.0,-4.416007024952398e-16
1157.0,2.1733815075564497e-16
1161.0,-3.5781263075805284e-17
1184.0,4.416007024952398e-16
1189.0,-2.1733815075564497e-16
1193.0,3.5781263075805284e-17
1205.0,-2.1733815075564497e-16
1232.0,-4.416007024952398e-16
1237.0,2.1733815075564497e-16
1241.0,-3.5781263075805284e-17
1244.0,-2.6004381481540007e-16
1245.0,-2.6004381481540007e-16
1253.0,1.4601857171779552e-16
1254.0,3.619693432205481e-16
1273.0,-1.2750217548429532e-15
1276.0,3.3306690738754696e-16
1280.0,3.1905019083512975e-17
1293.0,4.213655143083108e-17
1296.0,-1.1102230246251565e-16
1308.0,-4.2130931509090366e-16
1325.0,4.440892098500626e-16
1326.0,-4.440892098500626e-16
1332.0,8.881784197001252e-16
1336.0,-1.9314216909202985e-16
1341.0,1.4601857171779552e-16
1356.0,1.3724863778864422e-16
1365.0,2.4704955962772567e-18
1370.0,0.7158717415216791
1373.0,0.055644287369257424
1382.0,-0.0020764902644649693
1395.0,-1.3968479767389217e-16
1396.0,-0.8034082533036474
1402.0,-0.9921032153794586
1417.0,-2.323060717144316e-16
1421.0,-0.546539035639323
1436.0,3.002968201174454e-16
1444.0,-0.6874187800796794
1450.0,0.00207649026446475
1460.0,-5.551115123125783e-17
1465.0,0.4010901372604647
1486.0,0.8034082533036475
1494.0,0.24497105892138824
1496.0,-1.9314216909202985e-16
1511.0,0.3522141537945265
1522.0,1.8935418270603074e-16
1523.0,-1.3968479767389217e-16
1531.0,-4.2191203862856987e-17
1535.0,-0.9880870964826959
1556.0,-0.8034082533036474
1558.0,3.1412103647830537e-17
1561.0,2.7901517698033967e-18
1565.0,0.7722956086548524
1568.0,7.771561172376096e-16
1574.0,0.8640758607671316
1578.0,-4.440892098500626e-16
1581.0,-0.9048155721659017
1587.0,-0.772295608654852
1594.0,1.4601857171779552e-16
1597.0,-2.323060717144316e-16
1602.0,8.196602589003213e-16
1605.0,-1.0502147412000946e-16
1614.0,5.51484345130993e-16
1624.0,-1.1365453106659443e-16
1634.0,-0.9780441067775432
1651.0,3.275715931919919e-17
1655.0,0.803408253303648
1665.0,-0.005088470358344416
1669.0,0.9048155721659015
1674.0,-1.596486853672829e-17
1676.0,1.0418653753224704e-17
1678.0,5.546214783503586e-18
1685.0,4.188711373521319e-17
1686.0,-4.188711373521319e-17
1691.0,0.9780441067775432
1700.0,-1.3295659864688808e-16
1709.0,-0.3471256834361822
1720.0,0.9880870964826951
1725.0,-0.8640758607671315
1747.0,-1.2721178960799727e-15
1753.0,0.8435491272957719
1758.0,-0.8435491272957719
1771.0,-3.8709742160941446e-17
1780.0,3.8709742160941446e-17
1795.0,-0.9780441067775432
1803.0,-2.575656704092568e-16
1804.0,0.17856264985890857
1808.0,0.9719402718533936
1811.0,-1.150502921712302
1818.0,3.283604532181607e-16
1832.0,-0.21459877196044483
1839.0,0.21459877196044444
1857.0,2.6553189048331654e-16
1858.0,8.942809871873159e-17
1861.0,-2.6553189048331654e-16
1875.0,-0.04437804056299634
1879.0,0.3522141537945263
1880.0,1.8935418270603074e-16
1890.0,-0.40617860761880914
1891.0,0.04437804056299634
1893.0,0.009586413261286328
1898.0,0.31955123612762626
1902.0,-0.0019484474472444943
1909.0,-0.3176027886803818
1931.0,1.3295659864688808e-16
1981.0,8.0460363536815215e-16
1987.0,-8.0460363536815215e-16
2054.0,-1.9620172463621644e-17
2055.0,-0.7158717415216793
2056.0,0.7158717415216779
2066.0,-3.1905019083512975e-17
2069.0,1.4432899320127035e-15
2074.0,1.0390353459808688e-16
2085.0,-0.009586413261285731
2087.0,0.7158717415216791
2091.0,-0.7158717415216791
2103.0,-2.7711524597597072e-31
2121.0,0.14855408808368592
2122.0,-0.31955123612762626
2126.0,0.8454975747430169
2131.0,7.216449660063518e-16
2132.0,-0.6745004266990773
2137.0,-4.440892098500626e-16
2139.0,3.196561735261399e-19
2144.0,0.5465390356393234
2164.0,3.275715931919919e-17
2177.0,-2.6553189048331654e-16
2181.0,2.6553189048331654e-16
2183.0,-2.647621705209602e-16
2185.0,2.9103244401493655e-17
2189.0,-3.3308467611306916e-17
2192.0,-1.3745996198674937e-16
2205.0,-0.7202047843655491
2212.0,0.7202047843655494
2250.0,-0.9880870964826951
2251.0,-9.424685648594663e-17
2264.0,-0.7158717415216779
2337.0,-0.013284622417471081
2338.0,0.8773604831846026
2348.0,-0.9605612186073786
2349.0,-2.9941260345445574e-17
2355.0,0.9605612186073786
2362.0,-3.18751836125911e-16
2380.0,0.9586556494359224
2381.0,8.096951280834062e-17
2383.0,-0.9719402718533923
2385.0,0.013284622417469806
2393.0,-0.9880870964826959
2394.0,0.9880870964826951
2404.0,8.881784197001252e-16
2406.0,-4.440892098500626e-16
2407.0,4.29763713864501e-16
2415.0,2.3251788647264062e-17
2420.0,0.6745004266990764
2421.0,0.07263172975899351
2452.0,4.2130931509090366e-16
2459.0,0.7722956086548524
2460.0,-3.5563291036307825e-16
2462.0,-0.772295608654852
2476.0,0.6317744927104221
2508.0,-1.6418022660908036e-16
2523.0,-3.283604532181606e-16
2527.0,3.283604532181606e-16
2550.0,4.637093823136843e-16
2556.0,-0.9048155721659017
2561.0,1.2750217548429532e-15
2565.0,0.9048155721659
2567.0,1.1240881203013823e-16
2577.0,-1.1365453106659443e-16
2583.0,-6.4361910125345e-17
2590.0,4.980824359940767e-17
2595.0,1.4553666525937323e-17
2602.0,3.291704898791357e-16
2608.0,1.3745996198674937e-16
2611.0,-4.666304518658851e-16
2616.0,0.21459877196044483
2617.0,-2.9103244401493655e-17
2623.0,-0.2145987719604448
2635.0,7.380746016841841e-17
2642.0,2.884641496450844e-17
2649.0,5.1028252462895047e-17
2653.0,-5.1028252462895047e-17
2665.0,1.2212453270876722e-15
2671.0,0.9719402718533924
2672.0,-0.9719402718533936
2678.0,5.687692390107815e-16
2683.0,7.033486570691912e-16
2701.0,-8.0460363536815215e-16
2716.0,4.213655143083108e-17
2718.0,-4.213655143083108e-17
2732.0,8.942809871873158e-17
2733.0,-0.04437804056299634
2746.0,-0.3567120966974679
2748.0,-2.7711524597597072e-31
2750.0,0.5465390356393229
2751.0,3.275715931919919e-17
2758.0,-0.7158717415216779
2764.0,-3.18751836125911e-16
2767.0,0.74713215645807
2771.0,0.6317744927104221
2777.0,2.1419711643412823e-17
2802.0,-4.348728555828523e-17
2804.0,1.1102230246251565e-16
2809.0,5.551115123125783e-16
2813.0,7.214532518156067e-16
2814.0,-1.2750217548429532e-15
2819.0,-1.1486368844531333e-16
2821.0,3.1905019083512975e-17
2868.0,-4.2295136747030806e-16
2869.0,-6.753501690423042e-17
2872.0,8.295866936180035e-17
2876.0,-4.2295136747030806e-16
2887.0,1.8477242559927064e-17
2890.0,-4.2130931509090366e-16
2893.0,8.881784197001252e-16
2896.0,-3.3360139653575703e-17
2898.0,-5.662012463853956e-17
2901.0,-3.3360139653575703e-17
2905.0,-5.662012463853956e-17
2906.0,1.8273529645088057e-17
2913.0,-5.662012463853956e-17
2914.0,-5.3433205001939146e-17
2922.0,2.7174032857962117e-16
2924.0,-3.515967535685114e-17
2946.0,-4.900474521573032e-16
2947.0,-1.8273529645088057e-17
2952.0,7.17067346470272e-17
2953.0,1.0465247819593966e-16
2956.0,7.17067346470272e-17
3008.0,2.7174032857962117e-16
3107.0,3.515967535685109e-17
3108.0,-3.515967535685114e-17
3116.0,2.465190328815662e-32
3119.0,4.8446749662063343e-17
3121.0,4.416007024952398e-16
3125.0,-3.283604532181607e-16
3126.0,3.5159675356851114e-17
3132.0,-3.5159675356851114e-17
3165.0,-0.8554822764193315
3169.0,0.8554822764193315
3185.0,-0.8554822764193315
3189.0,0.8554822764193315
3190.0,2.7925122027858485e-17
3208.0,-2.7925122027858485e-17
3212.0,-3.080488362396232e-17
3215.0,-2.55315570003589e-16
3218.0,-3.080488362396232e-17
3221.0,-2.55315570003589e-16
3222.0,-2.55315570003589e-16
3223.0,-2.55315570003589e-16
3261.0,9.53734845425171e-17
3262.0,9.53734845425171e-17
3263.0,9.53734845425171e-17
3264.0,9.53734845425171e-17
3265.0,9.53734845425171e-17
3266.0,9.53734845425171e-17
3267.0,9.53734845425171e-17
3268.0,9.53734845425171e-17
3269.0,9.53734845425171e-17
3270.0,9.53734845425171e-17
3271.0,9.53734845425171e-17
3272.0,9.53734845425171e-17
3273.0,9.53734845425171e-17
3274.0,9.53734845425171e-17
3275.0,9.53734845425171e-17
3276.0,9.53734845425171e-17
3277.0,9.53734845425171e-17
3279.0,-3.080488362396232e-17
3280.0,-3.080488362396232e-17
3281.0,-3.080488362396232e-17
3282.0,-3.080488362396232e-17
3283.0,-3.080488362396232e-17
3284.0,-3.080488362396232e-17
3285.0,-3.080488362396232e-17
3286.0,-3.080488362396232e-17
3302.0,-2.9588336706301314e-18
3303.0,-2.9588336706301314e-18
3304.0,-2.9588336706301314e-18
3305.0,-2.9588336706301314e-18
3306.0,-2.9588336706301314e-18
3316.0,-2.9588336706301314e-18
3317.0,-3.8142005653809716e-17
3318.0,-3.8142005653809716e-17
3319.0,-3.8142005653809716e-17
3324.0,-3.8142005653809716e-17
3329.0,-2.9588336706301314e-18
3343.0,-2.9588336706301314e-18
3357.0,-2.9588336706301314e-18
3369.0,-1.0465247819593966e-16
3395.0,-1.4601243124349267e-16
3396.0,-1.4601243124349267e-16
3397.0,-1.4601243124349267e-16
3398.0,-1.4601243124349267e-16
3401.0,3.3358763406749224e-17
3402.0,-2.9588336706301314e-18
3403.0,-1.4601243124349267e-16
3404.0,-1.4601243124349267e-16
3405.0,-1.4601243124349267e-16
3406.0,-1.4601243124349267e-16
3536.0,-4.0077221163792557e-17
3537.0,-4.0077221163792557e-17
3538.0,3.399882595908108e-17
3539.0,3.399882595908108e-17
3564.0,6.320598841829324e-17
3565.0,1.087005870458039e-17
3566.0,1.087005870458039e-17
3567.0,1.087005870458039e-17
3568.0,1.087005870458039e-17
3569.0,1.087005870458039e-17
3570.0,1.087005870458039e-17
3573.0,-3.519542756645514e-17
3574.0,1.0465247819593966e-16
3578.0,-2.5427191479733733e-16
3618.0,9.696898606672208e-17
3619.0,1.9190606919163016e-16
3620.0,-9.69689860667219e-17
3621.0,1.0465247819593968e-16
3623.0,-9.69689860667219e-17
3624.0,-9.69689860667219e-17
3627.0,-3.21541187153505e-17
3631.0,-2.465190328815662e-32
3634.0,-2.465190328815662e-32
3642.0,-2.465190328815662e-32
3648.0,-2.465190328815662e-32
3664.0,9.71445146547012e-17
3666.0,-2.465190328815662e-32
3668.0,-7.861830989911062e-17
3670.0,-7.861830989911062e-17
3671.0,-9.746746191127183e-17
3675.0,2.70981942717627e-16
3677.0,-1.9287432173073104e-18
3679.0,3.0307589168605252e-18
3681.0,-3.268547246688543e-17
3682.0,3.519542756645514e-17
3685.0,-5.286864184933476e-17
3687.0,1.767321428287962e-17
3690.0,3.519542756645514e-17
3691.0,3.519542756645514e-17
3695.0,1.4601243124349267e-16
3697.0,1.4601243124349267e-16
3698.0,1.4601243124349267e-16
3699.0,1.4601243124349267e-16
3702.0,-1.2148552667108833e-16
3703.0,2.4242121088334076e-17
3704.0,1.2444436034171846e-16
3705.0,2.4242121088334076e-17
3713.0,-3.342005584057932e-17
3714.0,-1.0550888506120921e-16
3715.0,-1.0550888506120921e-16
3717.0,3.0307589168605252e-18
3718.0,-3.3358763406749224e-17
3727.0,-5.579826513155938e-16
3734.0,4.881793597337155e-18
3735.0,-4.881793597337155e-18
3751.0,2.107573242332717e-18
3755.0,1.0465247819593968e-16
3764.0,1.3699226075162668e-17
3781.0,2.680398098133222e-17
3786.0,-1.671002792028966e-17
3787.0,2.802735383480795e-17
3788.0,2.802735383480795e-17
3789.0,2.802735383480795e-17
3790.0,2.802735383480795e-17
3798.0,1.671002792028966e-17
3808.0,1.4601243124349267e-16
3809.0,3.3358763406749224e-17
3810.0,-3.3358763406749224e-17
3814.0,-2.680622309671296e-16
3817.0,-2.9784692329681066e-17
3818.0,-1.8982220520403901e-16
3819.0,8.683848107526842e-17
3820.0,5.705378874558735e-17
3821.0,-2.468759939496264e-16
3824.0,-1.4794168353150657e-18
3828.0,-8.683848107526842e-17
3829.0,-8.683848107526842e-17
3830.0,-8.683848107526842e-17
3841.0,1.3952595350937745e-17
3842.0,1.3952595350937745e-17
3843.0,1.3952595350937745e-17
3844.0,1.3952595350937745e-17
3845.0,1.3952595350937745e-17
3846.0,1.3952595350937745e-17
3847.0,1.3952595350937745e-17
3848.0,-3.389636702121535e-31
3849.0,-3.389636702121535e-31
3856.0,-3.389636702121535e-31
3860.0,1.759771378322757e-17
3865.0,1.2148552667108833e-16
3867.0,1.6102778250165893e-16
3869.0,-1.5124834132305068e-16
3880.0,2.9588336706301314e-18
3881.0,2.9588336706301314e-18
3882.0,2.9588336706301314e-18
3883.0,2.9588336706301314e-18
3884.0,2.9588336706301314e-18
3885.0,2.9588336706301314e-18
3886.0,2.9588336706301314e-18
3887.0,2.9588336706301314e-18
3888.0,5.233592971371285e-17
3889.0,5.233592971371285e-17
3890.0,4.0077221163792557e-17
3891.0,4.0077221163792557e-17
3892.0,4.0077221163792557e-17
3896.0,-5.47733010918274e-17
3897.0,-5.47733010918274e-17
3898.0,-1.095466021836548e-16
3899.0,-1.095466021836548e-16
3900.0,-5.47733010918274e-17
3903.0,5.47733010918274e-17
3907.0,2.4297105334217665e-16
3909.0,-1.950749012404105e-18
3913.0,-4.465881946114242e-18
3916.0,-1.7181802132004913e-17
3918.0,-8.658928543151273e-17
3930.0,-4.885890143201378e-17
3931.0,5.237722969846005e-17
3933.0,-7.262662523907455e-17
3937.0,-3.519542756645514e-17
3944.0,-4.0077221163792557e-17
3945.0,-1.6102778250165893e-16
3946.0,1.6102778250165893e-16
3947.0,1.0663420101439433e-16
3973.0,5.654004242589037e-17
3979.0,-2.6738128958096264e-16
3981.0,3.519542756645514e-17
3982.0,3.519542756645514e-17
3983.0,3.519542756645514e-17
3986.0,-1.0465247819593966e-16
3987.0,-1.0465247819593966e-16
3988.0,-1.0465247819593966e-16
3990.0,1.0465247819593966e-16
3991.0,-1.0465247819593966e-16
4000.0,-4.215146484665434e-18
4002.0,-4.215146484665434e-18
4009.0,5.795826416414972e-18
4013.0,1.0537866211663586e-18
4014.0,1.0537866211663586e-18
4022.0,-4.8817935973369e-18
4023.0,1.232595164407831e-32
4030.0,2.107573242332717e-18
4050.0,6.644407305106504e-18
4056.0,3.0307589168605252e-18
4059.0,1.9287432173073104e-18
4067.0,3.519542756645514e-17
4071.0,1.9635549632010242e-16
4075.0,-1.5717780347329237e-17
4076.0,-1.5717780347329237e-17
4077.0,2.1527148491100514e-17
4078.0,-7.243875887619317e-17
4081.0,-2.7925122027858485e-17
4082.0,-2.7925122027858485e-17
4083.0,2.034844923675859e-17
4085.0,8.718628563246671e-17
4093.0,5.80539500306129e-16
4096.0,-2.2670754520559297e-16
4098.0,1.606733051213495e-16
4100.0,-4.930380657631324e-32
4101.0,-1.0345572701851511e-16
4102.0,-6.752743458918491e-17
4105.0,0.20319128873049488
4109.0,2.9588336706301314e-18
4110.0,2.9588336706301314e-18
4111.0,-1.0465247819593966e-16
4113.0,-1.0345572701851509e-16
4117.0,-2.8316161995692115e-16
4118.0,2.1043413286282271e-16
4119.0,6.162975822039155e-33
4124.0,5.47733010918274e-17
4132.0,-1.2432666087743127e-16
4133.0,1.2432666087743125e-16
4144.0,-1.5124834132305068e-16
4154.0,-2.5191163672585045e-31
4156.0,1.0465247819593968e-16
4165.0,-9.493708312490826e-17
4174.0,-4.0077221163792557e-17
4181.0,4.8858901432013816e-17
4184.0,1.6102778250165893e-16
4191.0,4.881793597336903e-18
4195.0,-1.8488927466117464e-31
4201.0,2.7174032857962117e-16
4207.0,4.416007024952398e-16
4208.0,4.8446749662063343e-17
4210.0,-3.283604532181607e-16
4219.0,4.416007024952398e-16
4220.0,4.8446749662063343e-17
4229.0,-3.389636702121535e-31
4239.0,1.563929396505436e-16
4240.0,-3.342005584057932e-17
4242.0,-3.342005584057932e-17
4243.0,2.2155185270899653e-16
4244.0,-7.395570986446986e-32
4245.0,-3.0814879110195774e-31
4246.0,1.143125330711184e-16
4248.0,-4.930380657631324e-32
4249.0,-4.930380657631324e-32
4252.0,-4.0077221163792557e-17
4253.0,-4.0077221163792557e-17
4273.0,-2.465190328815662e-32
4282.0,-7.861830989911062e-17
4294.0,4.451642902228081e-18
4296.0,-4.6065486271035606e-17
4297.0,4.0077221163792557e-17
4307.0,-6.256029013093885e-17
4310.0,-6.603424008424348e-17
4311.0,4.534150904111859e-16
4312.0,-1.3206848016848696e-16
4314.0,4.9370763333567686e-17
4316.0,-7.233980255128443e-18
4317.0,-7.233980255128443e-18
4339.0,-1.8273529645088057e-17
4354.0,2.575656704092568e-16
4361.0,-0.8773604831846029
4362.0,0.8773604831846027
4372.0,0.7222812746300141
4379.0,-0.7222812746300141
4390.0,1.9789006044086187e-32
4401.0,3.1412103647830537e-17
4405.0,-4.440892098500626e-16
4406.0,8.196602589003213e-16
4407.0,-2.959608502355736e-16
4410.0,-1.4553666525937323e-17
4411.0,-4.213655143083108e-17
4415.0,1.9789006044086187e-32
4424.0,-5.759538419688251e-17
4428.0,1.0537866211663586e-18
4433.0,1.003362313621451e-16
4436.0,3.8531715728309356e-19
4437.0,-1.2826512842205615e-16
4439.0,-4.314861783685258e-18
4445.0,-1.1886578348732883e-16
4446.0,2.107573242332717e-18
4447.0,2.107573242332717e-18
4453.0,-3.5159675356851114e-17
4456.0,-3.5781263075805284e-17
